0.0000000 -1.2028331 -0.3406770 -1.1662707 -0.0068459 0.0524610 -0.0487584 -0.0208615 -0.0100428 0.0828730
0.0200000 -1.2029617 -0.3396311 -1.1672694 -0.0068459 0.0524610 -0.0487584 -0.0208615 -0.0100428 0.0828730
0.0400000 -1.2031069 -0.3385786 -1.1682210 -0.0076803 0.0520593 -0.0454435 -0.0414420 -0.0595203 0.2168198
0.0600000 -1.2032689 -0.3375487 -1.1690871 -0.0085035 0.0500802 -0.0400856 -0.0402502 -0.1443951 0.3244471
0.0800000 -1.2034471 -0.3365754 -1.1698245 -0.0092903 0.0462835 -0.0324656 -0.0376889 -0.2412231 0.4424882
0.1000000 -1.2036405 -0.3356973 -1.1703857 -0.0100111 0.0404313 -0.0223861 -0.0335444 -0.3497394 0.5696604
0.1200000 -1.2038475 -0.3349581 -1.1707199 -0.0106321 0.0322939 -0.0096792 -0.0276205 -0.4693720 0.7043045
0.1400000 -1.2040658 -0.3344056 -1.1707729 -0.0111159 0.0216564 0.0057861 -0.0197489 -0.5992270 0.8443978
0.1600000 -1.2042922 -0.3340919 -1.1704885 -0.0114221 0.0083248 0.0240967 -0.0098012 -0.7380784 0.9875810
0.1800000 -1.2045227 -0.3340726 -1.1698090 -0.0115080 -0.0078668 0.0452893 0.0022969 -0.8843714 1.1312063
0.2000000 -1.2047525 -0.3344065 -1.1686769 -0.0113302 -0.0270500 0.0693450 0.0165512 -1.0362458 1.2724155
0.2200000 -1.2049759 -0.3351546 -1.1670352 -0.0108459 -0.0493166 0.0961860 0.0328812 -1.1915799 1.4082533
0.2400000 -1.2051863 -0.3363792 -1.1648294 -0.0100149 -0.0747132 0.1256751 0.0510980 -1.3480520 1.5358133
0.2600000 -1.2053765 -0.3381431 -1.1620082 -0.0088020 -0.1032387 0.1576185 0.0708783 -1.5032173 1.6524169
0.2800000 -1.2055384 -0.3405087 -1.1585247 -0.0071798 -0.1348419 0.1917718 0.0917454 -1.6546005 1.7557915
0.3000000 -1.2056637 -0.3435368 -1.1543374 -0.0051322 -0.1694227 0.2278501 0.1130795 -1.7997824 1.8441683
0.3200000 -1.2057437 -0.3472856 -1.1494107 -0.0026566 -0.2068332 0.2655385 0.1341692 -1.9364527 1.9162284
0.3400000 -1.2057699 -0.3518101 -1.1437158 0.0002346 -0.2468808 0.3044993 0.1542892 -2.0624347 1.9709512
0.3600000 -1.2057343 -0.3571609 -1.1372307 0.0035149 -0.2893306 0.3443766 0.1727657 -2.1757075 2.0074861
0.3800000 -1.2056293 -0.3633834 -1.1299408 0.0071452 -0.3339091 0.3847987 0.1890104 -2.2744160 2.0250934
0.4000000 -1.2054485 -0.3705172 -1.1218388 0.0110754 -0.3803072 0.4253803 0.2025318 -2.3568483 2.0231035
0.4200000 -1.2051863 -0.3785956 -1.1129255 0.0152465 -0.4281830 0.4657229 0.2129366 -2.4213932 2.0008765
0.4400000 -1.2048386 -0.3876446 -1.1032099 0.0195928 -0.4771630 0.5054154 0.2199309 -2.4665559 1.9578254
0.4600000 -1.2044026 -0.3976822 -1.0927089 0.0240437 -0.5268453 0.5440359 0.2233239 -2.4910849 1.8935613
0.4800000 -1.2038769 -0.4087184 -1.0814484 0.0285258 -0.5768064 0.5811578 0.2230329 -2.4941623 1.8081042
0.5000000 -1.2032616 -0.4207544 -1.0694626 0.0329650 -0.6266118 0.6163601 0.2190832 -2.4755299 1.7020240
0.5200000 -1.2025583 -0.4337828 -1.0567940 0.0372891 -0.6758276 0.6492388 0.2116001 -2.4354751 1.5764364
0.5400000 -1.2017700 -0.4477875 -1.0434931 0.0414290 -0.7240308 0.6794175 0.2007924 -2.3747015 1.4328806
0.5600000 -1.2009011 -0.4627441 -1.0296173 0.0453208 -0.7708156 0.7065540 0.1869297 -2.2941353 1.2731388
0.5800000 -1.1999572 -0.4786201 -1.0152309 0.0489062 -0.8157962 0.7303431 0.1703157 -2.1947055 1.0990360
0.6000000 -1.1989449 -0.4953759 -1.0004036 0.0521334 -0.8586039 0.7505154 0.1512623 -2.0771597 0.9122742
0.6200000 -1.1978718 -0.5129643 -0.9852103 0.0549567 -0.8988826 0.7668340 0.1300737 -1.9420409 0.7144096
0.6400000 -1.1967466 -0.5313312 -0.9697302 0.0573364 -0.9362855 0.7790918 0.1070478 -1.7899098 0.5070401
0.6600000 -1.1955784 -0.5504157 -0.9540466 0.0592386 -0.9704790 0.7871156 0.0824868 -1.6217001 0.2921038
0.6800000 -1.1943771 -0.5701504 -0.9382456 0.0606359 -1.0011535 0.7907760 0.0567019 -1.4389598 0.0720708
0.7000000 -1.1931530 -0.5904619 -0.9224156 0.0615067 -1.0280373 0.7899985 0.0300044 -1.2438472 -0.1500789
0.7200000 -1.1919168 -0.6112719 -0.9066457 0.0618360 -1.0509074 0.7847728 0.0026870 -1.0389471 -0.3710324
0.7400000 -1.1906795 -0.6324982 -0.8910247 0.0616142 -1.0695952 0.7751572 -0.0249934 -0.8270195 -0.5873714
0.7600000 -1.1894522 -0.6540557 -0.8756394 0.0608363 -1.0839882 0.7612780 -0.0528301 -0.6107369 -0.7958031
0.7800000 -1.1882461 -0.6758577 -0.8605735 0.0595010 -1.0940247 0.7433251 -0.0806737 -0.3924240 -0.9933790
0.8000000 -1.1870722 -0.6978167 -0.8459064 0.0576093 -1.0996851 0.7215428 -0.1084336 -0.1738120 -1.1776932
0.8200000 -1.1859417 -0.7198451 -0.8317118 0.0551636 -1.1009772 0.6962173 -0.1360706 0.0441232 -1.3470174
0.8400000 -1.1848656 -0.7418558 -0.8180577 0.0521665 -1.0979202 0.6676621 -0.1635752 0.2611004 -1.5002854
0.8600000 -1.1838550 -0.7637619 -0.8050053 0.0486206 -1.0905332 0.6362059 -0.1909315 0.4771642 -1.6368825
0.8800000 -1.1829208 -0.7854771 -0.7926095 0.0445293 -1.0788336 0.6021868 -0.2180729 0.6921584 -1.7563388
0.9000000 -1.1820739 -0.8069152 -0.7809179 0.0398977 -1.0628468 0.5659524 -0.2448431 0.9053421 -1.8581144
0.9200000 -1.1813249 -0.8279910 -0.7699714 0.0347355 -1.0426199 0.5278622 -0.2709676 1.1152948 -1.9415661
0.9400000 -1.1806844 -0.8486200 -0.7598034 0.0290590 -1.0182350 0.4882897 -0.2960343 1.3200242 -2.0060300
0.9600000 -1.1801625 -0.8687204 -0.7504398 0.0228942 -0.9898190 0.4476210 -0.3194764 1.5171349 -2.0509295
0.9800000 -1.1797687 -0.8882128 -0.7418985 0.0162800 -0.9575496 0.4062525 -0.3405585 1.7039926 -2.0758674
1.0000000 -1.1795113 -0.9070223 -0.7341897 0.0092718 -0.9216593 0.3645863 -0.3583655 1.8778720 -2.0806941
1.0200000 -1.1793978 -0.9250792 -0.7273151 0.0019453 -0.8824348 0.3230248 -0.3717974 2.0360886 -2.0655544
1.0400000 -1.1794335 -0.9423197 -0.7212687 -0.0056001 -0.8402157 0.2819642 -0.3795697 2.1761118 -2.0309142
1.0600000 -1.1796218 -0.9586878 -0.7160365 -0.0132374 -0.7953903 0.2417882 -0.3802234 2.2956614 -1.9775689
1.0800000 -1.1799630 -0.9741353 -0.7115972 -0.0208090 -0.7483893 0.2028614 -0.3721437 2.3927866 -1.9066358
1.1000000 -1.1804542 -0.9886234 -0.7079221 -0.0281232 -0.6996788 0.1655228 -0.3535901 2.4659277 -1.8195328
1.1200000 -1.1810880 -1.0021225 -0.7049762 -0.0349526 -0.6497522 0.1300801 -0.3227383 2.5139614 -1.7179462
1.1400000 -1.1818523 -1.0146135 -0.7027189 -0.0410327 -0.5991204 0.0968049 -0.2777347 2.5362306 -1.6037890
1.1600000 -1.1827293 -1.0260873 -0.7011041 -0.0460620 -0.5483029 0.0659285 -0.2167636 2.5325592 -1.4791530
1.1800000 -1.1836947 -1.0365456 -0.7000817 -0.0497033 -0.4978180 0.0376388 -0.1381263 2.5032534 -1.3462565
1.2000000 -1.1847174 -1.0460000 -0.6995985 -0.0515870 -0.4481728 0.0120783 -0.0403326 2.4490907 -1.2073898
1.2200000 -1.1857582 -1.0544725 -0.6995986 -0.0513166 -0.3998544 -0.0106568 0.0777984 2.3712973 -1.0648600
1.2400000 -1.1867701 -1.0619942 -0.7000248 -0.0484751 -0.3533209 -0.0305161 0.2170303 2.2715168 -0.9209373
1.2600000 -1.1876972 -1.0686053 -0.7008192 -0.0426354 -0.3089937 -0.0474943 0.3775965 2.1517694 -0.7778050
1.2800000 -1.1884755 -1.0743540 -0.7019245 -0.0333713 -0.2672501 -0.0616283 0.5590865 2.0144056 -0.6375133
1.3000000 -1.1890321 -1.0792953 -0.7032844 -0.0202719 -0.2284175 -0.0729948 0.7603380 1.8620545 -0.5019398
1.3200000 -1.1892863 -1.0834907 -0.7048443 -0.0029577 -0.1927680 -0.0817059 0.9793372 1.6975686 -0.3727559
1.3400000 -1.1891504 -1.0870060 -0.7065526 0.0189016 -0.1605147 -0.0879051 1.2131366 1.5239665 -0.2514016
1.3600000 -1.1885303 -1.0899112 -0.7083605 0.0455677 -0.1318093 -0.0917620 1.4577957 1.3443760 -0.1390681
1.3800000 -1.1873277 -1.0922784 -0.7102231 0.0772134 -0.1067397 -0.0934678 1.7083528 1.1619766 -0.0366888
1.4000000 -1.1854417 -1.0941808 -0.7120993 0.1139018 -0.0853302 -0.0932295 1.9588351 0.9799447 0.0550617
1.4200000 -1.1827716 -1.0956916 -0.7139523 0.1555668 -0.0675419 -0.0912653 2.2023169 0.8014003 0.1357608
1.4400000 -1.1792191 -1.0968825 -0.7157499 0.2019945 -0.0532742 -0.0877991 2.4310311 0.6293565 0.2052243
1.4600000 -1.1746918 -1.0978226 -0.7174642 0.2528081 -0.0423677 -0.0830563 2.6365457 0.4666710 0.2634856
1.4800000 -1.1691068 -1.0985772 -0.7190721 0.3074563 -0.0346074 -0.0772597 2.8100081 0.3160000 0.3107710
1.5000000 -1.1623936 -1.0992069 -0.7205546 0.3652084 -0.0297277 -0.0706255 2.9424679 0.1797523 0.3474701
1.5200000 -1.1544984 -1.0997663 -0.7218971 0.4251551 -0.0274173 -0.0633609 3.0252799 0.0600437 0.3741041
1.5400000 -1.1453874 -1.1003036 -0.7230891 0.4862196 -0.0273259 -0.0556613 3.0505918 -0.0413501 0.3912928
1.5600000 -1.1350496 -1.1008594 -0.7241236 0.5471787 -0.0290713 -0.0477092 3.0119034 -0.1230430 0.3997243
1.5800000 -1.1235002 -1.1014664 -0.7249974 0.6066957 -0.0322476 -0.0396724 2.9046707 -0.1840921 0.4001300
1.6000000 -1.1107818 -1.1021493 -0.7257105 0.6633656 -0.0364350 -0.0317040 2.7269303 -0.2240548 0.3932698
1.6200000 -1.0969656 -1.1029238 -0.7262656 0.7157729 -0.0412098 -0.0239416 2.4799618 -0.2430515 0.3799228
1.6400000 -1.0821509 -1.1037977 -0.7266681 0.7625640 -0.0461570 -0.0165071 2.1690385 -0.2418338 0.3608774
1.6600000 -1.0664630 -1.1047701 -0.7269259 0.8025345 -0.0508832 -0.0095065 1.8042252 -0.2218536 0.3369203
1.6800000 -1.0500495 -1.1058330 -0.7270484 0.8347330 -0.0550312 -0.0030302 1.4008254 -0.1852991 0.3088276
1.7000000 -1.0330737 -1.1069714 -0.7270471 0.8585675 -0.0582951 0.0028466 0.9786205 -0.1350246 0.2773588
1.7200000 -1.0157068 -1.1081648 -0.7269345 0.8738779 -0.0604322 0.0080641 0.5593521 -0.0743197 0.2432540
1.7400000 -0.9981186 -1.1093886 -0.7267245 0.8809416 -0.0612679 0.0125768 0.1632787 -0.0065844 0.2072294
1.7600000 -0.9804691 -1.1106155 -0.7264315 0.8804090 -0.0606955 0.0163533 -0.1934648 0.0649454 0.1699711
1.7800000 -0.9629022 -1.1118165 -0.7260704 0.8732030 -0.0586701 0.0193756 -0.4998138 0.1373392 0.1321303
1.8000000 -0.9455410 -1.1129623 -0.7256564 0.8604165 -0.0552020 0.0216385 -0.7495011 0.2080115 0.0943203
1.8200000 -0.9284856 -1.1140245 -0.7252048 0.8432229 -0.0503496 0.0231484 -0.9403629 0.2747228 0.0571163
1.8400000 -0.9118121 -1.1149763 -0.7247305 0.8228019 -0.0442131 0.0239231 -1.0736047 0.3355728 0.0210571
1.8600000 -0.8955735 -1.1157931 -0.7242479 0.8002788 -0.0369267 0.0239907 -1.1530992 0.3889910 -0.0133528
1.8800000 -0.8798010 -1.1164534 -0.7237709 0.7766780 -0.0286534 0.0233890 -1.1847272 0.4337252 -0.0456419
1.9000000 -0.8645064 -1.1169392 -0.7233124 0.7528897 -0.0195777 0.0221650 -1.1757680 0.4688293 -0.0753712
1.9200000 -0.8496854 -1.1172365 -0.7228843 0.7296473 -0.0099002 0.0203742 -1.1343454 0.4936506 -0.1021362
1.9400000 -0.8353205 -1.1173352 -0.7224974 0.7075159 0.0001683 0.0180796 -1.0689317 0.5078167 -0.1255708
1.9600000 -0.8213847 -1.1172297 -0.7221611 0.6868900 0.0104124 0.0153514 -0.9879107 0.5112232 -0.1453527
1.9800000 -0.8078449 -1.1169187 -0.7218833 0.6679994 0.0206172 0.0122655 -0.8991998 0.5040219 -0.1612119
2.0000000 -0.7946648 -1.1164051 -0.7216705 0.6509220 0.0305733 0.0089029 -0.8099281 0.4866098 -0.1729398
2.0200000 -0.7818080 -1.1156958 -0.7215272 0.6356023 0.0400816 0.0053479 -0.7261691 0.4596181 -0.1803994
2.0400000 -0.7692407 -1.1148018 -0.7214566 0.6218752 0.0489580 0.0016869 -0.6527281 0.4239022 -0.1835358
2.0600000 -0.7569330 -1.1137375 -0.7214597 0.6094932 0.0570377 -0.0019935 -0.5930129 0.3805260 -0.1823864
2.0800000 -0.7448609 -1.1125203 -0.7215363 0.5981547 0.0641791 -0.0056086 -0.5490497 0.3307338 -0.1770873
2.1000000 -0.7330068 -1.1111703 -0.7216841 0.5875312 0.0702671 -0.0090770 -0.5216835 0.2759011 -0.1678757
2.1200000 -0.7213597 -1.1097096 -0.7218994 0.5772874 0.0752151 -0.0123236 -0.5108853 0.2174727 -0.1550870
2.1400000 -0.7099153 -1.1081617 -0.7221770 0.5670958 0.0789660 -0.0152805 -0.5160163 0.1569063 -0.1391462
2.1600000 -0.6986759 -1.1065510 -0.7225106 0.5566467 0.0814914 -0.0178894 -0.5359736 0.0956302 -0.1205557
2.1800000 -0.6876495 -1.1049020 -0.7228926 0.5456568 0.0827912 -0.0201027 -0.5692534 0.0350144 -0.0998813
2.2000000 -0.6768496 -1.1032393 -0.7233147 0.5338766 0.0828919 -0.0218847 -0.6139960 -0.0236543 -0.0777341
2.2200000 -0.6662944 -1.1015864 -0.7237680 0.5210970 0.0818450 -0.0232121 -0.6680410 -0.0791944 -0.0547525
2.2400000 -0.6560057 -1.0999655 -0.7242432 0.5071549 0.0797242 -0.0240748 -0.7289957 -0.1305506 -0.0315809
2.2600000 -0.6460082 -1.0983974 -0.7247310 0.4919372 0.0766230 -0.0244753 -0.7943126 -0.1768123 -0.0088495
2.2800000 -0.6363282 -1.0969006 -0.7252222 0.4753824 0.0726517 -0.0244288 -0.8613761 -0.2172289 0.0128467
2.3000000 -0.6269929 -1.0954913 -0.7257081 0.4574821 0.0679338 -0.0239615 -0.9275941 -0.2512233 0.0329676
2.3200000 -0.6180289 -1.0941832 -0.7261807 0.4382787 0.0626027 -0.0231101 -0.9904936 -0.2783997 0.0510453
2.3400000 -0.6094617 -1.0929872 -0.7266325 0.4178624 0.0567978 -0.0219197 -1.0478175 -0.2985489 0.0666992
2.3600000 -0.6013144 -1.0919113 -0.7270575 0.3963660 0.0506608 -0.0204421 -1.0976212 -0.3116482 0.0796469
2.3800000 -0.5936071 -1.0909608 -0.7274502 0.3739575 0.0443319 -0.0187338 -1.1383632 -0.3178564 0.0897116
2.4000000 -0.5863561 -1.0901381 -0.7278068 0.3508314 0.0379465 -0.0168536 -1.1689678 -0.3175027 0.0968239
2.4200000 -0.5795738 -1.0894429 -0.7281244 0.3271988 0.0316318 -0.0148608 -1.1888188 -0.3110665 0.1010172
2.4400000 -0.5732682 -1.0888728 -0.7284012 0.3032787 0.0255039 -0.0128129 -1.1976587 -0.2991491 0.1024175
2.4600000 -0.5674427 -1.0884228 -0.7286369 0.2792925 0.0196658 -0.0107641 -1.1954487 -0.2824414 0.1012282
2.4800000 -0.5620965 -1.0880861 -0.7288318 0.2554607 0.0142062 -0.0087638 -1.1822799 -0.2616954 0.0977155
2.5000000 -0.5572243 -1.0878545 -0.7289874 0.2320013 0.0091980 -0.0068555 -1.1583804 -0.2377020 0.0921946
2.5200000 -0.5528164 -1.0877182 -0.7291060 0.2091255 0.0046981 -0.0050760 -1.1241800 -0.2112713 0.0850161
2.5400000 -0.5488592 -1.0876666 -0.7291905 0.1870341 0.0007472 -0.0034549 -1.0803758 -0.1832119 0.0765511
2.5600000 -0.5453351 -1.0876883 -0.7292442 0.1659105 -0.0026303 -0.0020140 -1.0279537 -0.1543111 0.0671766
2.5800000 -0.5422228 -1.0877718 -0.7292710 0.1459159 -0.0054253 -0.0007678 -0.9681534 -0.1253160 0.0572615
2.6000000 -0.5394984 -1.0879054 -0.7292749 0.1271844 -0.0076430 0.0002765 -0.9023992 -0.0969179 0.0471546
2.6200000 -0.5371355 -1.0880775 -0.7292600 0.1098199 -0.0093020 0.0011184 -0.8322321 -0.0697384 0.0371746
2.6400000 -0.5351056 -1.0882774 -0.7292302 0.0938951 -0.0104325 0.0017635 -0.7592514 -0.0443194 0.0276025
2.6600000 -0.5333797 -1.0884948 -0.7291894 0.0794499 -0.0110748 0.0022225 -0.6850550 -0.0211165 0.0186762
2.6800000 -0.5319276 -1.0887204 -0.7291413 0.0664929 -0.0112772 0.0025105 -0.6111791 -0.0004957 0.0105878
2.7000000 -0.5307199 -1.0889459 -0.7290890 0.0550027 -0.0110946 0.0026460 -0.5390424 0.0172665 0.0034837
2.7200000 -0.5297275 -1.0891642 -0.7290355 0.0449312 -0.0105865 0.0026499 -0.4698960 0.0319808 -0.0025352
2.7400000 -0.5289227 -1.0893694 -0.7289830 0.0362069 -0.0098154 0.0025446 -0.2181074 0.0192788 -0.0026318
2.7600000 -0.5282793 -1.0895568 -0.7289337 0.0362069 -0.0098154 0.0025446 -0.2181074 0.0192788 -0.0026318
