0.0000000 -1.2048733 -0.3368114 -1.1639725 -0.0032470 0.0123729 0.0034192 -0.0244230 0.0454227 0.0148691
0.0200000 -1.2049276 -0.3365857 -1.1639060 -0.0032470 0.0123729 0.0034192 -0.0244230 0.0454227 0.0148691
0.0400000 -1.2050032 -0.3363165 -1.1638357 -0.0042240 0.0141898 0.0040139 -0.0434707 0.0690322 0.0533899
0.0600000 -1.2050966 -0.3360181 -1.1637455 -0.0049859 0.0151342 0.0055548 -0.0298807 0.0172296 0.1077873
0.0800000 -1.2052026 -0.3357111 -1.1636135 -0.0054192 0.0148790 0.0083254 -0.0103449 -0.0514761 0.1765460
0.1000000 -1.2053134 -0.3354230 -1.1634124 -0.0053997 0.0130751 0.0126166 0.0155845 -0.1379118 0.2596581
0.1200000 -1.2054186 -0.3351881 -1.1631089 -0.0047958 0.0093625 0.0187118 0.0481761 -0.2423380 0.3564160
0.1400000 -1.2055052 -0.3350485 -1.1626640 -0.0034726 0.0033816 0.0268732 0.0875076 -0.3644192 0.4654369
0.1600000 -1.2055575 -0.3350529 -1.1620339 -0.0012955 -0.0052143 0.0373292 0.1334547 -0.5032010 0.5847022
0.1800000 -1.2055570 -0.3352570 -1.1611708 0.0018656 -0.0167464 0.0502613 0.1856844 -0.6571017 0.7116149
0.2000000 -1.2054829 -0.3357227 -1.1600235 0.0061319 -0.0314983 0.0657938 0.2436536 -0.8239280 0.8430920
0.2200000 -1.2053117 -0.3365170 -1.1585391 0.0116117 -0.0497036 0.0839850 0.3066222 -1.0009315 0.9757105
0.2400000 -1.2050184 -0.3377109 -1.1566641 0.0183968 -0.0715356 0.1048222 0.3736777 -1.1849061 1.1059031
0.2600000 -1.2045759 -0.3393784 -1.1543462 0.0265588 -0.0970998 0.1282211 0.4437638 -1.3723036 1.2301610
0.2800000 -1.2039560 -0.3415949 -1.1515352 0.0361473 -0.1264277 0.1540287 0.5157058 -1.5593468 1.3452045
0.3000000 -1.2031300 -0.3444355 -1.1481850 0.0471871 -0.1594737 0.1820293 0.5882305 -1.7421356 1.4481121
0.3200000 -1.2020686 -0.3479738 -1.1442541 0.0596765 -0.1961132 0.2119532 0.6599798 -1.9167400 1.5363968
0.3400000 -1.2007429 -0.3522800 -1.1397069 0.0735863 -0.2361433 0.2434852 0.7295199 -2.0792748 1.6080241
0.3600000 -1.1991251 -0.3574195 -1.1345147 0.0888573 -0.2792842 0.2762741 0.7953542 -2.2259868 1.6614130
0.3800000 -1.1971886 -0.3634514 -1.1286559 0.1054004 -0.3251827 0.3099417 0.8559565 -2.3533864 1.6954736
0.4000000 -1.1949091 -0.3704268 -1.1221170 0.1230956 -0.3734196 0.3440931 0.9098134 -2.4583888 1.7096474
0.4200000 -1.1922648 -0.3783882 -1.1148922 0.1417930 -0.4235183 0.3783276 0.9554530 -2.5383885 1.7038668
0.4400000 -1.1892374 -0.3873676 -1.1069839 0.1613137 -0.4749551 0.4122477 0.9914601 -2.5912625 1.6784324
0.4600000 -1.1858123 -0.3973864 -1.0984023 0.1814514 -0.5271688 0.4454649 1.0165013 -2.6153823 1.6339022
0.4800000 -1.1819793 -0.4084543 -1.0891653 0.2019738 -0.5795704 0.4776038 1.0293798 -2.6096936 1.5710666
0.5000000 -1.1777333 -0.4205692 -1.0792981 0.2226265 -0.6315565 0.5083076 1.0291140 -2.5738557 1.4909974
0.5200000 -1.1730743 -0.4337166 -1.0688330 0.2431383 -0.6825247 0.5372437 1.0150206 -2.5083743 1.3951097
0.5400000 -1.1680078 -0.4478702 -1.0578084 0.2632274 -0.7318915 0.5641120 0.9867668 -2.4146333 1.2851612
0.5600000 -1.1625452 -0.4629922 -1.0462685 0.2826090 -0.7791100 0.5886502 0.9443708 -2.2947697 1.1631434
0.5800000 -1.1567034 -0.4790346 -1.0342624 0.3010022 -0.8236823 0.6106377 0.8881727 -2.1514595 1.0311216
0.6000000 -1.1505051 -0.4959395 -1.0218430 0.3181359 -0.8651684 0.6298950 0.8188199 -1.9877653 0.8911381
0.6200000 -1.1439780 -0.5136413 -1.0090666 0.3337550 -0.9031929 0.6462832 0.7372814 -1.8070866 0.7452103
0.6400000 -1.1371549 -0.5320673 -0.9959917 0.3476272 -0.9374518 0.6597035 0.6448369 -1.6130756 0.5953222
0.6600000 -1.1300729 -0.5511394 -0.9826784 0.3595485 -0.9677159 0.6700961 0.5429962 -1.4093861 0.4433117
0.6800000 -1.1227729 -0.5707759 -0.9691878 0.3693470 -0.9938273 0.6774359 0.4333722 -1.1993246 0.2906929
0.7000000 -1.1152990 -0.5908925 -0.9555810 0.3768834 -1.0156889 0.6817238 0.3175848 -0.9856102 0.1385543
0.7200000 -1.1076976 -0.6114034 -0.9419189 0.3820504 -1.0332517 0.6829781 0.1972384 -0.7703542 -0.0123991
0.7400000 -1.1000170 -0.6322225 -0.9282619 0.3847729 -1.0465031 0.6812279 0.0739514 -0.5552046 -0.1616985
0.7600000 -1.0923067 -0.6532636 -0.9146698 0.3850084 -1.0554599 0.6765102 -0.0505941 -0.3415576 -0.3089289
0.7800000 -1.0846167 -0.6744409 -0.9012015 0.3827491 -1.0601654 0.6688707 -0.1746047 -0.1307814 -0.4535498
0.8000000 -1.0769967 -0.6956702 -0.8879149 0.3780243 -1.0606911 0.6583682 -0.2961509 0.0756082 -0.5947568
0.8200000 -1.0694957 -0.7168686 -0.8748668 0.3709031 -1.0571411 0.6450804 -0.4132064 0.2759334 -0.7314556
0.8400000 -1.0621606 -0.7379558 -0.8621117 0.3614960 -1.0496538 0.6291099 -0.5237753 0.4685712 -0.8623900
0.8600000 -1.0550358 -0.7588547 -0.8497024 0.3499521 -1.0383982 0.6105848 -0.6260627 0.6522837 -0.9863509
0.8800000 -1.0481625 -0.7794918 -0.8376883 0.3364535 -1.0235624 0.5896559 -0.7185987 0.8264312 -1.1023240
0.9000000 -1.0415777 -0.7997972 -0.8261161 0.3212081 -1.0053410 0.5664919 -0.8002738 0.9909503 -1.2095026
0.9200000 -1.0353142 -0.8197054 -0.8150287 0.3044425 -0.9839244 0.5412758 -0.8703123 1.1461704 -1.3072139
0.9400000 -1.0294000 -0.8391542 -0.8044651 0.2863957 -0.9594941 0.5142033 -0.9282250 1.2925825 -1.3948245
0.9600000 -1.0238584 -0.8580852 -0.7944605 0.2673135 -0.9322211 0.4854828 -0.9737621 1.4306120 -1.4716602
0.9800000 -1.0187075 -0.8764431 -0.7850458 0.2474452 -0.9022697 0.4553369 -1.0068686 1.5604094 -1.5369447
1.0000000 -1.0139605 -0.8941759 -0.7762470 0.2270388 -0.8698048 0.4240050 -1.0276429 1.6816660 -1.5897578
1.0200000 -1.0096259 -0.9112352 -0.7680856 0.2063394 -0.8350030 0.3917466 -1.0363082 1.7934978 -1.6290347
1.0400000 -1.0057070 -0.9275761 -0.7605772 0.1855865 -0.7980648 0.3588436 -1.0332119 1.8944836 -1.6536393
1.0600000 -1.0022024 -0.9431578 -0.7537318 0.1650110 -0.7592237 0.3256010 -1.0188602 1.9829070 -1.6625327
1.0800000 -0.9991065 -0.9579450 -0.7475531 0.1448321 -0.7187486 0.2923423 -0.9939631 2.0571025 -1.6549805
1.1000000 -0.9964092 -0.9719078 -0.7420381 0.1252524 -0.6769396 0.2594018 -0.9594459 2.1157144 -1.6307043
1.1200000 -0.9940964 -0.9850226 -0.7371771 0.1064542 -0.6341200 0.2271142 -0.9164111 2.1577785 -1.5899331
1.1400000 -0.9921510 -0.9972726 -0.7329536 0.0885960 -0.5906284 0.1958045 -0.8660671 2.1826850 -1.5333856
1.1600000 -0.9905526 -1.0086477 -0.7293449 0.0718115 -0.5468126 0.1657787 -0.8096472 2.1901134 -1.4622259
1.1800000 -0.9892785 -1.0191451 -0.7263224 0.0562101 -0.5030239 0.1373154 -0.7483299 2.1799796 -1.3780130
1.2000000 -0.9883042 -1.0287687 -0.7238523 0.0418783 -0.4596134 0.1106582 -0.6831640 2.1524017 -1.2826439
1.2200000 -0.9876034 -1.0375296 -0.7218961 0.0288836 -0.4169278 0.0860097 -0.6150010 2.1076809 -1.1782908
1.2400000 -0.9871488 -1.0454458 -0.7204119 0.0172783 -0.3753062 0.0635266 -0.5444390 2.0462975 -1.0673319
1.2600000 -0.9869123 -1.0525419 -0.7193550 0.0071060 -0.3350759 0.0433164 -0.4717797 1.9689193 -0.9522745
1.2800000 -0.9868646 -1.0588488 -0.7186792 -0.0015929 -0.2965494 0.0254356 -0.3970052 1.8764202 -0.8356717
1.3000000 -0.9869760 -1.0644038 -0.7183376 -0.0087742 -0.2600191 0.0098895 -0.3197776 1.7699085 -0.7200340
1.3200000 -0.9872156 -1.0692496 -0.7182837 -0.0143840 -0.2257531 -0.0033658 -0.2394671 1.6507615 -0.6077370
1.3400000 -0.9875513 -1.0734340 -0.7184722 -0.0183529 -0.1939887 -0.0144199 -0.1552136 1.5206664 -0.5009271
1.3600000 -0.9879497 -1.0770092 -0.7188604 -0.0205925 -0.1649264 -0.0234028 -0.0660209 1.3816533 -0.4014317
1.3800000 -0.9883750 -1.0800310 -0.7194083 -0.0209937 -0.1387225 -0.0304772 0.0291229 1.2361035 -0.3106837
1.4000000 -0.9887894 -1.0825581 -0.7200795 -0.0194276 -0.1154823 -0.0358302 0.1311121 1.0867104 -0.2296715
1.4200000 -0.9891522 -1.0846503 -0.7208416 -0.0157493 -0.0952541 -0.0396641 0.2405920 0.9363968 -0.1589200
1.4400000 -0.9894194 -1.0863682 -0.7216661 -0.0098039 -0.0780264 -0.0421870 0.3578449 0.7881992 -0.0985055
1.4600000 -0.9895443 -1.0877714 -0.7225290 -0.0014355 -0.0637262 -0.0436043 0.4827055 0.6451264 -0.0481027
1.4800000 -0.9894768 -1.0889173 -0.7234103 0.0095043 -0.0522213 -0.0441111 0.6145139 0.5100041 -0.0070592
1.5000000 -0.9891641 -1.0898602 -0.7242935 0.0231451 -0.0433260 -0.0438867 0.7520928 0.3853318 0.0255179
1.5200000 -0.9885510 -1.0906503 -0.7251657 0.0395880 -0.0368081 -0.0430904 0.8937328 0.2731850 0.0506799
1.5400000 -0.9875806 -1.0913325 -0.7260171 0.0588944 -0.0323986 -0.0418595 1.0371802 0.1751785 0.0695706
1.5600000 -0.9861952 -1.0919463 -0.7268401 0.0810752 -0.0298009 -0.0403076 1.1796440 0.0924660 0.0833687
1.5800000 -0.9843376 -1.0925246 -0.7276294 0.1060802 -0.0286999 -0.0385247 1.3178579 0.0257352 0.0932257
1.6000000 -0.9819520 -1.0930943 -0.7283811 0.1337895 -0.0287715 -0.0365785 1.4482072 -0.0248186 0.1001929
1.6200000 -0.9789860 -1.0936754 -0.7290925 0.1640085 -0.0296927 -0.0345170 1.5669035 -0.0595169 0.1051543
1.6400000 -0.9753917 -1.0942820 -0.7297618 0.1964657 -0.0311522 -0.0323724 1.6701794 -0.0791894 0.1087793
1.6600000 -0.9711274 -1.0949215 -0.7303874 0.2308156 -0.0328603 -0.0301658 1.7544876 -0.0851239 0.1115037
1.6800000 -0.9661591 -1.0955964 -0.7309684 0.2666452 -0.0345572 -0.0279122 1.8166943 -0.0789838 0.1135377
1.7000000 -0.9604616 -1.0963038 -0.7315039 0.3034834 -0.0360196 -0.0256243 1.8542482 -0.0627028 0.1148982
1.7200000 -0.9540197 -1.0970372 -0.7319934 0.3408151 -0.0370653 -0.0233163 1.8653223 -0.0383701 0.1154597
1.7400000 -0.9468290 -1.0977864 -0.7324366 0.3780963 -0.0375544 -0.0210059 1.8489325 -0.0081244 0.1150121
1.7600000 -0.9388959 -1.0985393 -0.7328336 0.4147724 -0.0373902 -0.0187158 1.8050272 0.0259345 0.1133155
1.7800000 -0.9302381 -1.0992820 -0.7331852 0.4502974 -0.0365170 -0.0164733 1.7345049 0.0618186 0.1101508
1.8000000 -0.9208840 -1.1000000 -0.7334926 0.4841526 -0.0349175 -0.0143098 1.6391240 0.0977132 0.1053637
1.8200000 -0.9108720 -1.1006787 -0.7337576 0.5158624 -0.0326085 -0.0122588 1.5213495 0.1320270 0.0988982
1.8400000 -0.9002495 -1.1013044 -0.7339829 0.5450066 -0.0296364 -0.0103538 1.3842280 0.1634223 0.0908146
1.8600000 -0.8890717 -1.1018642 -0.7341718 0.5712315 -0.0260716 -0.0086262 1.2313167 0.1908243 0.0812901
1.8800000 -0.8774002 -1.1023472 -0.7343280 0.5942592 -0.0220034 -0.0071022 1.0665770 0.2134191 0.0706056
1.9000000 -0.8653014 -1.1027443 -0.7344558 0.6138946 -0.0175349 -0.0058019 0.8941456 0.2306456 0.0591249
1.9200000 -0.8528445 -1.1030486 -0.7345600 0.6300251 -0.0127776 -0.0047372 0.7180301 0.2421849 0.0472668
1.9400000 -0.8401004 -1.1032554 -0.7346453 0.6426158 -0.0078475 -0.0039113 0.5418659 0.2479429 0.0354770
1.9600000 -0.8271398 -1.1033625 -0.7347165 0.6516997 -0.0028599 -0.0033182 0.3688091 0.2480265 0.0241991
1.9800000 -0.8140324 -1.1033698 -0.7347781 0.6573681 0.0020736 -0.0029433 0.2015265 0.2427167 0.0138493
2.0000000 -0.8008451 -1.1032796 -0.7348342 0.6597608 0.0068488 -0.0027642 0.0422216 0.2324392 0.0047939
2.0200000 -0.7876419 -1.1030959 -0.7348886 0.6590570 0.0113712 -0.0027516 -0.1073394 0.2177363 -0.0026686
2.0400000 -0.7744828 -1.1028247 -0.7349443 0.6554672 0.0155582 -0.0028709 -0.2458031 0.1992388 -0.0083210
2.0600000 -0.7614232 -1.1024736 -0.7350035 0.6492249 0.0193407 -0.0030844 -0.3722124 0.1776388 -0.0120346
2.0800000 -0.7485138 -1.1020511 -0.7350677 0.6405787 0.0226638 -0.0033523 -0.4859955 0.1536624 -0.0137724
2.1000000 -0.7358001 -1.1015670 -0.7351376 0.6297850 0.0254872 -0.0036353 -0.5869639 0.1280450 -0.0135857
2.1200000 -0.7233224 -1.1010316 -0.7352131 0.6171001 0.0277856 -0.0038957 -0.6753185 0.1015065 -0.0116073
2.1400000 -0.7111161 -1.1004556 -0.7352934 0.6027723 0.0295475 -0.0040996 -0.7516642 0.0747285 -0.0080397
2.1600000 -0.6992115 -1.0998497 -0.7353771 0.5870336 0.0307747 -0.0042173 -0.8170288 0.0483334 -0.0031409
2.1800000 -0.6876348 -1.0992246 -0.7354621 0.5700911 0.0314808 -0.0042252 -0.8728519 0.0228685 0.0027917
2.2000000 -0.6764079 -1.0985905 -0.7355461 0.5521195 0.0316894 -0.0041057 -0.9208793 -0.0012024 0.0094358
2.2200000 -0.6655500 -1.0979570 -0.7356263 0.5332560 0.0314327 -0.0038478 -0.9629204 -0.0234947 0.0164569
2.2400000 -0.6550777 -1.0973332 -0.7357000 0.5136027 0.0307497 -0.0034474 -1.0005470 -0.0436927 0.0235182
2.2600000 -0.6450059 -1.0967270 -0.7357642 0.4932341 0.0296850 -0.0029071 -1.0348782 -0.0615418 0.0302922
2.2800000 -0.6353483 -1.0961458 -0.7358163 0.4722075 0.0282880 -0.0022357 -1.0665217 -0.0768474 0.0364733
2.3000000 -0.6261176 -1.0955955 -0.7358536 0.4505732 0.0266111 -0.0014481 -1.0956258 -0.0894784 0.0417907
2.3200000 -0.6173254 -1.0950813 -0.7358742 0.4283825 0.0247088 -0.0005641 -1.1219667 -0.0993702 0.0460193
2.3400000 -0.6089823 -1.0946072 -0.7358762 0.4056946 0.0226363 0.0003926 -1.1450410 -0.1065249 0.0489881
2.3600000 -0.6010976 -1.0941759 -0.7358585 0.3825809 0.0204479 0.0013954 -1.1641533 -0.1110093 0.0505848
2.3800000 -0.5936790 -1.0937892 -0.7358204 0.3591284 0.0181959 0.0024160 -1.1784991 -0.1129502 0.0507580
2.4000000 -0.5867324 -1.0934480 -0.7357618 0.3354409 0.0159298 0.0034258 -1.1872410 -0.1125276 0.0495157
2.4200000 -0.5802614 -1.0931520 -0.7356833 0.3116388 0.0136948 0.0043967 -1.1895771 -0.1099659 0.0469222
2.4400000 -0.5742669 -1.0929002 -0.7355860 0.2878578 0.0115312 0.0053027 -1.1848011 -0.1055250 0.0430917
2.4600000 -0.5687471 -1.0926908 -0.7354712 0.2642467 0.0094738 0.0061203 -1.1723526 -0.0994892 0.0381808
2.4800000 -0.5636970 -1.0925213 -0.7353412 0.2409637 0.0075516 0.0068299 -1.1518568 -0.0921576 0.0323793
2.5000000 -0.5591085 -1.0923887 -0.7351980 0.2181725 0.0057875 0.0074155 -1.1231542 -0.0838334 0.0259006
2.5200000 -0.5549701 -1.0922898 -0.7350445 0.1960376 0.0041983 0.0078659 -1.0863191 -0.0748156 0.0189717
2.5400000 -0.5512670 -1.0922208 -0.7348834 0.1747197 0.0027949 0.0081744 -1.0416670 -0.0653903 0.0118236
2.5600000 -0.5479813 -1.0921780 -0.7347176 0.1543709 0.0015827 0.0083388 -0.9897514 -0.0558245 0.0046816
2.5800000 -0.5450922 -1.0921575 -0.7345499 0.1351296 0.0005619 0.0083616 -0.9313510 -0.0463607 -0.0022421
2.6000000 -0.5425761 -1.0921555 -0.7343831 0.1171168 -0.0002717 0.0082492 -0.8674464 -0.0372132 -0.0087559
2.6200000 -0.5404075 -1.0921684 -0.7342199 0.1004318 -0.0009266 0.0080114 -0.7991891 -0.0285660 -0.0146939
2.6400000 -0.5385589 -1.0921926 -0.7340626 0.0851493 -0.0014144 0.0076614 -0.7278637 -0.0205712 -0.0199199
2.6600000 -0.5370015 -1.0922249 -0.7339134 0.0713172 -0.0017495 0.0072146 -0.6548429 -0.0133492 -0.0243299
2.6800000 -0.5357062 -1.0922626 -0.7337740 0.0589556 -0.0019483 0.0066882 -0.5815395 -0.0069891 -0.0278527
2.7000000 -0.5346433 -1.0923029 -0.7336459 0.0480557 -0.0020290 0.0061005 -0.5093548 -0.0015502 -0.0304499
2.7200000 -0.5337840 -1.0923437 -0.7335300 0.0385814 -0.0020104 0.0054702 -0.4396261 0.0029371 -0.0321137
2.7400000 -0.5331001 -1.0923833 -0.7334271 0.0304706 -0.0019115 0.0048160 -0.2027686 0.0024704 -0.0163566
2.7600000 -0.5325651 -1.0924202 -0.7333374 0.0304706 -0.0019115 0.0048160 -0.2027686 0.0024704 -0.0163566
