0.0000000 -1.2008140 -0.3421317 -1.1660862 -0.0113886 0.0289609 -0.0213929 -0.0430479 0.0702591 -0.0036001
0.0200000 -1.2010264 -0.3415829 -1.1665068 -0.0113886 0.0289609 -0.0213929 -0.0430479 0.0702591 -0.0036001
0.0400000 -1.2012696 -0.3409732 -1.1669419 -0.0131105 0.0317713 -0.0215370 -0.0956107 0.1260458 0.0250420
0.0600000 -1.2015508 -0.3403121 -1.1673683 -0.0152130 0.0340027 -0.0203913 -0.1151692 0.0917103 0.0958666
0.0800000 -1.2018781 -0.3396131 -1.1677576 -0.0177173 0.0354397 -0.0177023 -0.1355099 0.0460369 0.1794127
0.1000000 -1.2022595 -0.3388945 -1.1680764 -0.0206334 0.0358442 -0.0132148 -0.1560466 -0.0120270 0.2756185
0.1200000 -1.2027034 -0.3381794 -1.1682861 -0.0239591 0.0349586 -0.0066775 -0.1761167 -0.0833915 0.3841087
0.1400000 -1.2032179 -0.3374962 -1.1683435 -0.0276781 0.0325085 0.0021496 -0.1949720 -0.1687758 0.5041382
0.1600000 -1.2038106 -0.3368790 -1.1682002 -0.0317580 0.0282076 0.0134880 -0.2117746 -0.2686472 0.6345318
0.1800000 -1.2044882 -0.3363679 -1.1678039 -0.0361491 0.0217626 0.0275309 -0.2256119 -0.3831539 0.7736397
0.2000000 -1.2052565 -0.3360085 -1.1670989 -0.0407825 0.0128814 0.0444336 -0.2355373 -0.5120615 0.9193313
0.2200000 -1.2061195 -0.3358526 -1.1660266 -0.0455706 0.0012802 0.0643041 -0.2406333 -0.6546990 1.0690294
0.2400000 -1.2070793 -0.3359573 -1.1645268 -0.0504078 -0.0133066 0.0871947 -0.2400861 -0.8099218 1.2197789
0.2600000 -1.2081358 -0.3363849 -1.1625388 -0.0551740 -0.0311167 0.1130953 -0.2332572 -0.9760939 1.3683386
0.2800000 -1.2092863 -0.3372020 -1.1600030 -0.0597381 -0.0523503 0.1419283 -0.2197490 -1.1510938 1.5112931
0.3000000 -1.2105254 -0.3384789 -1.1568617 -0.0639640 -0.0771604 0.1735470 -0.1994568 -1.3323456 1.6451805
0.3200000 -1.2118449 -0.3402884 -1.1530611 -0.0677164 -0.1056441 0.2077355 -0.1726042 -1.5168717 1.7666244
0.3400000 -1.2132340 -0.3427046 -1.1485523 -0.0708681 -0.1378353 0.2442120 -0.1397544 -1.7013632 1.8724564
0.3600000 -1.2146796 -0.3458018 -1.1432926 -0.0733066 -0.1736987 0.2826338 -0.1017910 -1.8822542 1.9598050
0.3800000 -1.2161663 -0.3496526 -1.1372469 -0.0749398 -0.2131255 0.3226042 -0.0598661 -2.0557913 2.0261387
0.4000000 -1.2176772 -0.3543268 -1.1303884 -0.0757012 -0.2559303 0.3636793 -0.0153291 -2.2181081 2.0692837
0.4200000 -1.2191943 -0.3598898 -1.1226997 -0.0755529 -0.3018498 0.4053755 0.0303432 -2.3653270 2.0874673
0.4400000 -1.2206993 -0.3664008 -1.1141734 -0.0744875 -0.3505434 0.4471780 0.0756020 -2.4937033 2.0794144
0.4600000 -1.2221738 -0.3739115 -1.1048126 -0.0725289 -0.4015979 0.4885521 0.1188759 -2.5997897 2.0444626
0.4800000 -1.2236004 -0.3824647 -1.0946313 -0.0697324 -0.4545350 0.5289565 0.1586300 -2.6805718 1.9826250
0.5000000 -1.2249631 -0.3920929 -1.0836543 -0.0661837 -0.5088208 0.5678571 0.1934425 -2.7335360 1.8945504
0.5200000 -1.2262478 -0.4028176 -1.0719170 -0.0619947 -0.5638764 0.6047385 0.2220857 -2.7567010 1.7814281
0.5400000 -1.2274429 -0.4146480 -1.0594648 -0.0573002 -0.6190888 0.6391142 0.2435876 -2.7486844 1.6449376
0.5600000 -1.2285398 -0.4275811 -1.0463525 -0.0522512 -0.6738238 0.6705360 0.2572662 -2.7088168 1.4872688
0.5800000 -1.2295330 -0.4416009 -1.0326434 -0.0470096 -0.7274415 0.6986050 0.2627430 -2.6372110 1.3111136
0.6000000 -1.2304202 -0.4566788 -1.0184083 -0.0417415 -0.7793122 0.7229806 0.2599501 -2.5346964 1.1195319
0.6200000 -1.2312026 -0.4727734 -1.0037241 -0.0366116 -0.8288294 0.7433862 0.2491265 -2.4026694 0.9157397
0.6400000 -1.2318846 -0.4898319 -0.9886728 -0.0317765 -0.8754190 0.7596102 0.2307987 -2.2430020 0.7029685
0.6600000 -1.2324737 -0.5077902 -0.9733397 -0.0273796 -0.9185494 0.7715050 0.2057425 -2.0580836 0.4844669
0.6800000 -1.2329798 -0.5265739 -0.9578126 -0.0235468 -0.9577424 0.7789888 0.1749326 -1.8509126 0.2635678
0.7000000 -1.2334156 -0.5460999 -0.9421802 -0.0203823 -0.9925859 0.7820477 0.1394870 -1.6250610 0.0436671
0.7200000 -1.2337951 -0.5662774 -0.9265307 -0.0179673 -1.0227448 0.7807355 0.1006105 -1.3844105 -0.1719702
0.7400000 -1.2341342 -0.5870097 -0.9109508 -0.0163579 -1.0479624 0.7751689 0.0595399 -1.1327595 -0.3804944
0.7600000 -1.2344494 -0.6081959 -0.8955240 -0.0155857 -1.0680552 0.7655158 0.0174940 -0.8735281 -0.5796686
0.7800000 -1.2347577 -0.6297319 -0.8803301 -0.0156581 -1.0829035 0.7519821 -0.0243692 -0.6096787 -0.7678895
0.8000000 -1.2350758 -0.6515120 -0.8654447 -0.0165605 -1.0924423 0.7348002 -0.0649865 -0.3437963 -0.9440836
0.8200000 -1.2354201 -0.6734296 -0.8509381 -0.0182576 -1.0966553 0.7142188 -0.1034151 -0.0782246 -1.1075629
0.8400000 -1.2358061 -0.6953782 -0.8368759 -0.0206971 -1.0955713 0.6904977 -0.1388492 0.1847880 -1.2578803
0.8600000 -1.2362480 -0.7172524 -0.8233182 -0.0238116 -1.0892638 0.6639036 -0.1706282 0.4429431 -1.3946919
0.8800000 -1.2367585 -0.7389488 -0.8103198 -0.0275222 -1.0778536 0.6347100 -0.1982382 0.6937486 -1.5176298
0.9000000 -1.2373489 -0.7603666 -0.7979298 -0.0317411 -1.0615139 0.6031984 -0.2213049 0.9343858 -1.6261897
0.9200000 -1.2380282 -0.7814093 -0.7861918 -0.0363744 -1.0404782 0.5696624 -0.2395787 1.1616399 -1.7196623
0.9400000 -1.2388038 -0.8019857 -0.7751433 -0.0413242 -1.0150483 0.5344119 -0.2529047 1.3720040 -1.7971641
0.9600000 -1.2396812 -0.8220112 -0.7648154 -0.0464906 -0.9855980 0.4977758 -0.2611764 1.5620210 -1.8578002
0.9800000 -1.2406635 -0.8414096 -0.7552323 -0.0517713 -0.9525674 0.4600999 -0.2642778 1.7287395 -1.9008884
1.0000000 -1.2417520 -0.8601139 -0.7464114 -0.0570617 -0.9164484 0.4217403 -0.2620308 1.8700408 -1.9261171
1.0200000 -1.2429459 -0.8780676 -0.7383627 -0.0622525 -0.8777658 0.3830552 -0.2541554 1.9847231 -1.9335794
1.0400000 -1.2442421 -0.8952246 -0.7310892 -0.0672279 -0.8370595 0.3443971 -0.2402429 2.0724171 -1.9237236
1.0600000 -1.2456350 -0.9115499 -0.7245868 -0.0718623 -0.7948691 0.3061063 -0.2197372 2.1334484 -1.8972850
1.0800000 -1.2471166 -0.9270193 -0.7188449 -0.0760174 -0.7517216 0.2685057 -0.1919243 2.1687029 -1.8552241
1.1000000 -1.2486757 -0.9416188 -0.7138466 -0.0795392 -0.7081210 0.2318973 -0.1559301 2.1795025 -1.7986776
1.1200000 -1.2502982 -0.9553442 -0.7095690 -0.0822546 -0.6645415 0.1965586 -0.1107281 2.1674951 -1.7289181
1.1400000 -1.2519659 -0.9682005 -0.7059842 -0.0839684 -0.6214212 0.1627406 -0.0551578 2.1345566 -1.6473232
1.1600000 -1.2536569 -0.9802010 -0.7030594 -0.0844609 -0.5791592 0.1306657 0.0120447 2.0827074 -1.5553508
1.1800000 -1.2553444 -0.9913668 -0.7007576 -0.0834866 -0.5381129 0.1005266 0.0922039 2.0140428 -1.4545196
1.2000000 -1.2569964 -1.0017255 -0.6990383 -0.0807728 -0.4985975 0.0724849 0.1866490 1.9306765 -1.3463928
1.2200000 -1.2585753 -1.0113107 -0.6978582 -0.0760206 -0.4608859 0.0466708 0.2966450 1.8346977 -1.2325628
1.2400000 -1.2600372 -1.0201610 -0.6971715 -0.0689070 -0.4252096 0.0231824 0.4233116 1.7281400 -1.1146368
1.2600000 -1.2613315 -1.0283191 -0.6969309 -0.0590881 -0.3917603 0.0020854 0.5675301 1.6129621 -0.9942205
1.2800000 -1.2624007 -1.0358314 -0.6970881 -0.0462057 -0.3606911 -0.0165864 0.7298411 1.4910383 -0.8729013
1.3000000 -1.2631798 -1.0427468 -0.6975944 -0.0298945 -0.3321187 -0.0328307 0.9103344 1.3641575 -0.7522279
1.3200000 -1.2635965 -1.0491161 -0.6984013 -0.0097924 -0.3061248 -0.0466755 1.1085353 1.2340297 -0.6336895
1.3400000 -1.2635715 -1.0549918 -0.6994614 0.0144469 -0.2827575 -0.0581783 1.3232916 1.1022970 -0.5186923
1.3600000 -1.2630186 -1.0604264 -0.7007284 0.0431393 -0.2620329 -0.0674232 1.5526648 0.9705486 -0.4085364
1.3800000 -1.2618459 -1.0654731 -0.7021583 0.0765535 -0.2439356 -0.0745197 1.7938346 0.8403377 -0.3043919
1.4000000 -1.2599565 -1.0701839 -0.7037092 0.1148927 -0.2284194 -0.0795989 2.0430207 0.7131975 -0.2072776
1.4200000 -1.2572502 -1.0746098 -0.7053423 0.1582743 -0.2154077 -0.0828108 2.2954312 0.5906555 -0.1180412
1.4400000 -1.2536255 -1.0788002 -0.7070217 0.2067099 -0.2047932 -0.0843206 2.5452472 0.4742437 -0.0373443
1.4600000 -1.2489818 -1.0828016 -0.7087151 0.2600842 -0.1964379 -0.0843046 2.7856492 0.3655033 0.0343485
1.4800000 -1.2432221 -1.0866577 -0.7103938 0.3181359 -0.1901731 -0.0829466 3.0088991 0.2659815 0.0967748
1.5000000 -1.2362564 -1.0904085 -0.7120330 0.3804402 -0.1857987 -0.0804336 3.2064827 0.1772192 0.1498731
1.5200000 -1.2280045 -1.0940896 -0.7136112 0.4463952 -0.1830843 -0.0769517 3.3693257 0.1007278 0.1937758
1.5400000 -1.2184005 -1.0977319 -0.7151110 0.5152132 -0.1817696 -0.0726826 3.4880878 0.0379529 0.2287956
1.5600000 -1.2073960 -1.1013604 -0.7165185 0.5859187 -0.1815662 -0.0677999 3.5535453 -0.0097750 0.2554053
1.5800000 -1.1949638 -1.1049945 -0.7178230 0.6573550 -0.1821606 -0.0624664 3.5570664 -0.0413061 0.2742137
1.6000000 -1.1811018 -1.1086468 -0.7190171 0.7282014 -0.1832184 -0.0568313 3.4911791 -0.0557510 0.2859361
1.6200000 -1.1658357 -1.1123232 -0.7200963 0.7970022 -0.1843906 -0.0510289 3.3502112 -0.0525698 0.2913635
1.6400000 -1.1492217 -1.1160225 -0.7210583 0.8622098 -0.1853212 -0.0451768 3.1309483 -0.0316577 0.2913351
1.6600000 -1.1313474 -1.1197361 -0.7219033 0.9222401 -0.1856569 -0.0393755 2.8332705 0.0065826 0.2867148
1.6800000 -1.1123321 -1.1234487 -0.7226333 0.9755406 -0.1850579 -0.0337082 2.4608097 0.0611655 0.2783703
1.7000000 -1.0923257 -1.1271384 -0.7232517 1.0206725 -0.1832103 -0.0282407 2.0217235 0.1304190 0.2671482
1.7200000 -1.0715052 -1.1307772 -0.7237630 1.0564096 -0.1798411 -0.0230223 1.5295554 0.2118527 0.2538444
1.7400000 -1.0500693 -1.1343321 -0.7241726 1.0818547 -0.1747362 -0.0180869 1.0036837 0.3020777 0.2391765
1.7600000 -1.0282310 -1.1377666 -0.7244864 1.0965569 -0.1677580 -0.0134552 0.4682991 0.3969453 0.2237671
1.7800000 -1.0062071 -1.1410424 -0.7247108 1.1005867 -0.1588584 -0.0091362 -0.0507491 0.4920021 0.2081428
1.8000000 -0.9842075 -1.1441209 -0.7248519 1.0945270 -0.1480780 -0.0051295 -0.5301968 0.5831070 0.1927411
1.8200000 -0.9624260 -1.1469655 -0.7249159 1.0793788 -0.1355341 -0.0014266 -0.9525425 0.6668896 0.1779132
1.8400000 -0.9410324 -1.1495423 -0.7249089 1.0564253 -0.1214024 0.0019870 -1.3070113 0.7408882 0.1639182
1.8600000 -0.9201690 -1.1518216 -0.7248365 1.0270984 -0.1058986 0.0051301 -1.5888644 0.8034559 0.1509163
1.8800000 -0.8999485 -1.1537782 -0.7247037 0.9928707 -0.0892641 0.0080237 -1.7981317 0.8535955 0.1389647
1.9000000 -0.8804542 -1.1553922 -0.7245155 0.9551731 -0.0717548 0.0106887 -1.9383970 0.8908098 0.1280198
1.9200000 -0.8617415 -1.1566484 -0.7242762 0.9153348 -0.0536317 0.0131445 -2.0158069 0.9149869 0.1179448
1.9400000 -0.8438408 -1.1575374 -0.7239897 0.8745408 -0.0351553 0.0154065 -2.0382643 0.9263139 0.1085207
1.9600000 -0.8267599 -1.1580546 -0.7236599 0.8338042 -0.0165792 0.0174853 -2.0147377 0.9252098 0.0994624
1.9800000 -0.8104886 -1.1582006 -0.7232903 0.7939513 0.0018531 0.0193850 -1.9546552 0.9122730 0.0904372
2.0000000 -0.7950018 -1.1579805 -0.7228845 0.7556180 0.0199117 0.0211028 -1.8673793 0.8882414 0.0810861
2.0200000 -0.7802639 -1.1574041 -0.7224462 0.7192561 0.0373828 0.0226285 -1.7617608 0.8539662 0.0710468
2.0400000 -0.7662316 -1.1564852 -0.7219794 0.6851476 0.0540704 0.0239447 -1.6457708 0.8103946 0.0599778
2.0600000 -0.7528580 -1.1552413 -0.7214884 0.6534253 0.0697986 0.0250276 -1.5262100 0.7585634 0.0475817
2.0800000 -0.7400946 -1.1536933 -0.7209783 0.6240992 0.0844129 0.0258479 -1.4085220 0.6995938 0.0336271
2.1000000 -0.7278940 -1.1518648 -0.7204545 0.5970844 0.0977823 0.0263726 -1.2967703 0.6346762 0.0179651
2.1200000 -0.7162112 -1.1497820 -0.7199234 0.5722284 0.1098000 0.0265665 -1.1938107 0.5650341 0.0005367
2.1400000 -0.7050049 -1.1474728 -0.7193919 0.5493320 0.1203837 0.0263941 -1.1015791 0.4918766 -0.0186248
2.1600000 -0.6942379 -1.1449666 -0.7188676 0.5281652 0.1294750 0.0258215 -1.0213411 0.4163578 -0.0393950
2.1800000 -0.6838783 -1.1422938 -0.7183590 0.5084784 0.1370380 0.0248183 -0.9538253 0.3395584 -0.0615577
2.2000000 -0.6738988 -1.1394851 -0.7178749 0.4900122 0.1430574 0.0233592 -0.8992768 0.2624837 -0.0848060
2.2200000 -0.6642778 -1.1365715 -0.7174246 0.4725073 0.1475373 0.0214261 -0.8574946 0.1860671 -0.1087456
2.2400000 -0.6549985 -1.1335836 -0.7170178 0.4557124 0.1505000 0.0190094 -0.8278767 0.1111758 -0.1329017
2.2600000 -0.6460493 -1.1305515 -0.7166642 0.4393922 0.1519844 0.0161100 -0.8094768 0.0386154 -0.1567301
2.2800000 -0.6374228 -1.1275042 -0.7163734 0.4233334 0.1520447 0.0127402 -0.8010655 -0.0308658 -0.1796309
2.3000000 -0.6291159 -1.1244697 -0.7161546 0.4073496 0.1507497 0.0089248 -0.8011961 -0.0965748 -0.2009659
2.3200000 -0.6211288 -1.1214743 -0.7160164 0.3912855 0.1481817 0.0047016 -0.8082692 -0.1578732 -0.2200782
2.3400000 -0.6134645 -1.1185424 -0.7159666 0.3750188 0.1444348 0.0001216 -0.8205967 -0.2141793 -0.2363142
2.3600000 -0.6061281 -1.1156969 -0.7160116 0.3584616 0.1396145 -0.0047510 -0.8364619 -0.2649719 -0.2490462
2.3800000 -0.5991260 -1.1129579 -0.7161566 0.3415604 0.1338359 -0.0098402 -0.8541751 -0.3097962 -0.2576968
2.4000000 -0.5924657 -1.1103434 -0.7164052 0.3242946 0.1272226 -0.0150589 -0.8721227 -0.3482713 -0.2617627
2.4200000 -0.5861543 -1.1078690 -0.7167590 0.3066754 0.1199051 -0.0203107 -0.8888107 -0.3800993 -0.2608378
2.4400000 -0.5801986 -1.1055472 -0.7172176 0.2887422 0.1120187 -0.0254924 -0.9028998 -0.4050737 -0.2546349
2.4600000 -0.5746046 -1.1033882 -0.7177787 0.2705595 0.1037021 -0.0304961 -0.9132331 -0.4230890 -0.2430047
2.4800000 -0.5693763 -1.1013991 -0.7184375 0.2522129 0.0950951 -0.0352126 -0.9188563 -0.4341476 -0.2259521
2.5000000 -0.5645161 -1.0995844 -0.7191872 0.2338052 0.0863362 -0.0395342 -0.9190278 -0.4383662 -0.2036479
2.5200000 -0.5600241 -1.0979457 -0.7200188 0.2154518 0.0775605 -0.0433585 -0.9132229 -0.4359788 -0.1764366
2.5400000 -0.5558980 -1.0964820 -0.7209215 0.1972763 0.0688971 -0.0465917 -0.9011275 -0.4273364 -0.1448388
2.5600000 -0.5521330 -1.0951898 -0.7218825 0.1794067 0.0604670 -0.0491520 -0.8826264 -0.4129037 -0.1095490
2.5800000 -0.5487217 -1.0940633 -0.7228876 0.1619712 0.0523809 -0.0509736 -0.8577835 -0.3932516 -0.0714276
2.6000000 -0.5456542 -1.0930946 -0.7239214 0.1450953 0.0447370 -0.0520091 -0.8268231 -0.3690470 -0.0314835
2.6200000 -0.5429179 -1.0922738 -0.7249680 0.1288983 0.0376190 -0.0522330 -0.7901224 -0.3410432 0.0091570
2.6400000 -0.5404982 -1.0915898 -0.7260108 0.1134904 0.0310952 -0.0516429 -0.7482217 -0.3100703 0.0493027
2.6600000 -0.5383783 -1.0910300 -0.7270337 0.0989694 0.0252162 -0.0502609 -0.7018362 -0.2770225 0.0877581
2.6800000 -0.5365395 -1.0905812 -0.7280212 0.0854170 0.0200143 -0.0481325 -0.6518447 -0.2428366 0.1233779
2.7000000 -0.5349616 -1.0902295 -0.7289590 0.0728956 0.0155028 -0.0453257 -0.5992454 -0.2084611 0.1551043
2.7200000 -0.5336236 -1.0899611 -0.7298342 0.0614472 0.0116759 -0.0419284 -0.5450920 -0.1748195 0.1819917
2.7400000 -0.5325037 -1.0897624 -0.7306361 0.0510920 0.0085100 -0.0380461 -0.2588800 -0.0791474 0.0970575
2.7600000 -0.5315799 -1.0896207 -0.7313561 0.0510920 0.0085100 -0.0380461 -0.2588800 -0.0791474 0.0970575
