0.0000000 -1.2033710 -0.3424092 -1.1632727 -0.0206515 0.0642037 -0.0359044 -0.0147498 0.0203370 0.0243299
0.0200000 -1.2037761 -0.3411399 -1.1639944 -0.0206515 0.0642037 -0.0359044 -0.0147498 0.0203370 0.0243299
0.0400000 -1.2041971 -0.3398410 -1.1647088 -0.0212415 0.0650172 -0.0349312 -0.0179623 0.0039415 0.0813444
0.0600000 -1.2046257 -0.3385393 -1.1653916 -0.0213700 0.0643614 -0.0326506 0.0074701 -0.0757811 0.1506957
0.0800000 -1.2050519 -0.3372666 -1.1660149 -0.0209427 0.0619859 -0.0289034 0.0377118 -0.1681085 0.2277645
0.1000000 -1.2054634 -0.3360598 -1.1665477 -0.0198615 0.0576370 -0.0235400 0.0729031 -0.2730790 0.3119749
0.1200000 -1.2058463 -0.3349611 -1.1669565 -0.0180266 0.0510628 -0.0164244 0.1130817 -0.3904335 0.4025870
0.1400000 -1.2061845 -0.3340173 -1.1672047 -0.0153383 0.0420197 -0.0074366 0.1581671 -0.5195862 0.4986945
0.1600000 -1.2064599 -0.3332803 -1.1672539 -0.0116999 0.0302793 0.0035234 0.2079451 -0.6595950 0.5992186
0.1800000 -1.2066525 -0.3328061 -1.1670638 -0.0070205 0.0156359 0.0165322 0.2620537 -0.8091389 0.7028996
0.2000000 -1.2067407 -0.3326549 -1.1665927 -0.0012177 -0.0020862 0.0316394 0.3199725 -0.9665051 0.8082893
0.2200000 -1.2067012 -0.3328896 -1.1657982 0.0057784 -0.0230243 0.0488638 0.3810149 -1.1295884 0.9137539
0.2400000 -1.2065096 -0.3335758 -1.1646381 0.0140229 -0.0472698 0.0681896 0.4443269 -1.2959039 1.0174964
0.2600000 -1.2061403 -0.3347804 -1.1630706 0.0235515 -0.0748605 0.0895636 0.5088925 -1.4626219 1.1176027
0.2800000 -1.2055675 -0.3365702 -1.1610556 0.0343786 -0.1057746 0.1128937 0.5735487 -1.6266274 1.2121055
0.3000000 -1.2047652 -0.3390114 -1.1585549 0.0464935 -0.1399256 0.1380478 0.6370104 -1.7846058 1.2990548
0.3200000 -1.2037078 -0.3421673 -1.1555336 0.0598590 -0.1771589 0.1648558 0.6979019 -1.9331476 1.3765871
0.3400000 -1.2023708 -0.3460977 -1.1519606 0.0744095 -0.2172515 0.1931113 0.7547970 -2.0688694 1.4429937
0.3600000 -1.2007314 -0.3508573 -1.1478092 0.0900509 -0.2599136 0.2225756 0.8062652 -2.1885475 1.4967907
0.3800000 -1.1987688 -0.3564943 -1.1430576 0.1066602 -0.3047934 0.2529829 0.8509243 -2.2892630 1.5367901
0.4000000 -1.1964650 -0.3630491 -1.1376899 0.1240878 -0.3514842 0.2840472 0.8874997 -2.3685537 1.5621738
0.4200000 -1.1938052 -0.3705536 -1.1316957 0.1421601 -0.3995355 0.3154699 0.9148874 -2.4245681 1.5725631
0.4400000 -1.1907786 -0.3790305 -1.1250711 0.1606833 -0.4484669 0.3469497 0.9322102 -2.4561908 1.5680667
0.4600000 -1.1873779 -0.3884923 -1.1178177 0.1794486 -0.4977832 0.3781926 0.9388494 -2.4630818 1.5492596
0.4800000 -1.1836006 -0.3989418 -1.1099434 0.1982373 -0.5469902 0.4089201 0.9344331 -2.4455818 1.5170632
0.5000000 -1.1794484 -0.4103719 -1.1014609 0.2168259 -0.5956064 0.4388751 0.9187950 -2.4045260 1.4725626
0.5200000 -1.1749276 -0.4227661 -1.0923884 0.2349891 -0.6431712 0.4678226 0.8919391 -2.3410734 1.4168505
0.5400000 -1.1700489 -0.4360988 -1.0827480 0.2525034 -0.6892494 0.4955491 0.8540301 -2.2566126 1.3509453
0.5600000 -1.1648274 -0.4503360 -1.0725664 0.2691503 -0.7334357 0.5218604 0.8054011 -2.1527269 1.2757686
0.5800000 -1.1592828 -0.4654362 -1.0618736 0.2847195 -0.7753585 0.5465799 0.7465638 -2.0311729 1.1921443
0.6000000 -1.1534387 -0.4813504 -1.0507032 0.2990129 -0.8146826 0.5695462 0.6782140 -1.8938547 1.1008037
0.6200000 -1.1473223 -0.4980235 -1.0390918 0.3118480 -0.8511126 0.5906120 0.6012279 -1.7427903 1.0023929
0.6400000 -1.1409647 -0.5153949 -1.0270787 0.3230620 -0.8843942 0.6096419 0.5166524 -1.5800724 0.8974835
0.6600000 -1.1343999 -0.5333993 -1.0147061 0.3325141 -0.9143155 0.6265113 0.4256879 -1.4078264 0.7865872
0.6800000 -1.1276642 -0.5519675 -1.0020183 0.3400895 -0.9407073 0.6411054 0.3296640 -1.2281668 0.6701719
0.7000000 -1.1207963 -0.5710276 -0.9890619 0.3457007 -0.9634422 0.6533182 0.2300106 -1.0431553 0.5486824
0.7200000 -1.1138362 -0.5905052 -0.9758855 0.3492899 -0.9824335 0.6630527 0.1282235 -0.8547614 0.4225615
0.7400000 -1.1068247 -0.6103249 -0.9625398 0.3508296 -0.9976327 0.6702207 0.0258286 -0.6648289 0.2922740
0.7600000 -1.0998030 -0.6304105 -0.9490767 0.3503231 -1.0090267 0.6747437 -0.0756558 -0.4750479 0.1583307
0.7800000 -1.0928118 -0.6506860 -0.9355500 0.3478034 -1.0166346 0.6765539 -0.1747566 -0.2869340 0.0213116
0.8000000 -1.0858908 -0.6710759 -0.9220146 0.3433328 -1.0205040 0.6755961 -0.2700802 -0.1018165 -0.1181119
0.8200000 -1.0790784 -0.6915061 -0.9085262 0.3370002 -1.0207072 0.6718294 -0.3603453 0.0791662 -0.2591582
0.8400000 -1.0724108 -0.7119042 -0.8951414 0.3289190 -1.0173374 0.6652298 -0.4444094 0.2550632 -0.4009199
0.8600000 -1.0659217 -0.7321996 -0.8819170 0.3192238 -1.0105047 0.6557926 -0.5212915 0.4250996 -0.5423544
0.8800000 -1.0596419 -0.7523244 -0.8689097 0.3080673 -1.0003334 0.6435356 -0.5901883 0.5886588 -0.6822802
0.9000000 -1.0535990 -0.7722130 -0.8561756 0.2956163 -0.9869584 0.6285014 -0.6504849 0.7452589 -0.8193806
0.9200000 -1.0478172 -0.7918027 -0.8437696 0.2820479 -0.9705230 0.6107604 -0.7017588 0.8945251 -0.9522154
0.9400000 -1.0423171 -0.8110339 -0.8317451 0.2675459 -0.9511774 0.5904128 -0.7437787 1.0361586 -1.0792408
0.9600000 -1.0371154 -0.8298498 -0.8201531 0.2522968 -0.9290767 0.5675908 -0.7764981 1.1699040 -1.1988380
0.9800000 -1.0322252 -0.8481969 -0.8090415 0.2364860 -0.9043812 0.5424593 -0.8000428 1.2955164 -1.3093493
1.0000000 -1.0276559 -0.8660250 -0.7984547 0.2202951 -0.8772560 0.5152168 -0.8146951 1.4127308 -1.4091220
1.0200000 -1.0234134 -0.8832872 -0.7884328 0.2038982 -0.8478720 0.4860944 -0.8208728 1.5212336 -1.4965586
1.0400000 -1.0195000 -0.8999399 -0.7790110 0.1874601 -0.8164067 0.4553545 -0.8191059 1.6206392 -1.5701707
1.0600000 -1.0159150 -0.9159435 -0.7702187 0.1711340 -0.7830464 0.4232876 -0.8100088 1.7104725 -1.6286357
1.0800000 -1.0126547 -0.9312618 -0.7620795 0.1550598 -0.7479878 0.3902090 -0.7942506 1.7901593 -1.6708538
1.1000000 -1.0097126 -0.9458630 -0.7546103 0.1393640 -0.7114400 0.3564534 -0.7725231 1.8590252 -1.6960013
1.1200000 -1.0070801 -0.9597194 -0.7478213 0.1241589 -0.6736268 0.3223690 -0.7455076 1.9163036 -1.7035794
1.1400000 -1.0047463 -0.9728080 -0.7417155 0.1095436 -0.6347879 0.2883103 -0.7138401 1.9611556 -1.6934537
1.1600000 -1.0026984 -0.9851109 -0.7362889 0.0956053 -0.5951806 0.2546308 -0.6780778 1.9926992 -1.6658832
1.1800000 -1.0009220 -0.9966153 -0.7315303 0.0824205 -0.5550799 0.2216749 -0.6386669 2.0100510 -1.6215350
1.2000000 -0.9994015 -1.0073141 -0.7274219 0.0700586 -0.5147785 0.1897694 -0.5959132 2.0123775 -1.5614838
1.2200000 -0.9981197 -1.0172064 -0.7239395 0.0585840 -0.4745848 0.1592156 -0.5499582 1.9989570 -1.4871940
1.2400000 -0.9970582 -1.0262975 -0.7210533 0.0480603 -0.4348202 0.1302817 -0.5007632 1.9692504 -1.4004837
1.2600000 -0.9961973 -1.0345992 -0.7187283 0.0385535 -0.3958148 0.1031962 -0.4481026 1.9229790 -1.3034702
1.2800000 -0.9955160 -1.0421301 -0.7169254 0.0301362 -0.3579011 0.0781429 -0.3915720 1.8602089 -1.1984982
1.3000000 -0.9949918 -1.0489152 -0.7156026 0.0228906 -0.3214064 0.0552563 -0.3306109 1.7814361 -1.0880520
1.3200000 -0.9946004 -1.0549863 -0.7147152 0.0169117 -0.2866436 0.0346208 -0.2645429 1.6876549 -0.9746546
1.3400000 -0.9943154 -1.0603810 -0.7142177 0.0123089 -0.2539002 0.0162701 -0.1926254 1.5803740 -0.8607636
1.3600000 -0.9941081 -1.0651423 -0.7140644 0.0092067 -0.2234287 0.0001902 -0.1141072 1.4615596 -0.7486700
1.3800000 -0.9939471 -1.0693181 -0.7142101 0.0077446 -0.1954379 -0.0136767 -0.0282949 1.3335391 -0.6404089
1.4000000 -0.9937983 -1.0729599 -0.7146114 0.0080749 -0.1700871 -0.0254261 0.0653652 1.1989137 -0.5376844
1.4200000 -0.9936241 -1.0761216 -0.7152272 0.0103592 -0.1474813 -0.0351841 0.1671973 1.0604881 -0.4418165
1.4400000 -0.9933839 -1.0788591 -0.7160188 0.0147628 -0.1276676 -0.0430988 0.2772124 0.9211879 -0.3537153
1.4600000 -0.9930336 -1.0812283 -0.7169511 0.0214477 -0.1106338 -0.0493327 0.3950417 0.7839475 -0.2738859
1.4800000 -0.9925260 -1.0832845 -0.7179921 0.0305645 -0.0963097 -0.0540542 0.5198879 0.6515871 -0.2024598
1.5000000 -0.9918110 -1.0850807 -0.7191133 0.0422432 -0.0845703 -0.0574311 0.6504909 0.5267056 -0.1392429
1.5200000 -0.9908363 -1.0866673 -0.7202894 0.0565841 -0.0752415 -0.0596239 0.7851067 0.4116019 -0.0837736
1.5400000 -0.9895477 -1.0880904 -0.7214982 0.0736475 -0.0681062 -0.0607820 0.9215070 0.3082178 -0.0353897
1.5600000 -0.9878904 -1.0893915 -0.7227206 0.0934444 -0.0629127 -0.0610395 1.0570033 0.2180972 0.0067004
1.5800000 -0.9858099 -1.0906069 -0.7239398 0.1159276 -0.0593823 -0.0605140 1.1885016 0.1423599 0.0433439
1.6000000 -0.9832533 -1.0917668 -0.7251412 0.1409844 -0.0572183 -0.0593058 1.3125937 0.0816838 0.0753696
1.6200000 -0.9801705 -1.0928956 -0.7263120 0.1684314 -0.0561150 -0.0574992 1.4256814 0.0362967 0.1035189
1.6400000 -0.9765160 -1.0940114 -0.7274412 0.1980117 -0.0557665 -0.0551650 1.5241278 0.0059890 0.1283916
1.6600000 -0.9722500 -1.0951263 -0.7285186 0.2293965 -0.0558754 -0.0523635 1.6044363 -0.0098595 0.1504050
1.6800000 -0.9673401 -1.0962464 -0.7295357 0.2621892 -0.0561609 -0.0491488 1.6634627 -0.0122462 0.1697681
1.7000000 -0.9617625 -1.0973727 -0.7304846 0.2959350 -0.0563653 -0.0455728 1.6986376 -0.0025044 0.1864751
1.7200000 -0.9555027 -1.0985010 -0.7313586 0.3301347 -0.0562610 -0.0416898 1.7081704 0.0177556 0.2003273
1.7400000 -0.9485571 -1.0996232 -0.7321522 0.3642618 -0.0556551 -0.0375597 1.6912082 0.0467193 0.2109836
1.7600000 -0.9409323 -1.1007272 -0.7328610 0.3977830 -0.0543923 -0.0332505 1.6479271 0.0824465 0.2180312
1.7800000 -0.9326458 -1.1017988 -0.7334822 0.4301789 -0.0523572 -0.0288385 1.5795301 0.1229477 0.2210672
1.8000000 -0.9237251 -1.1028215 -0.7340145 0.4609642 -0.0494743 -0.0244078 1.4881482 0.1662537 0.2197796
1.8200000 -0.9142072 -1.1037778 -0.7344585 0.4897048 -0.0457070 -0.0200473 1.3766706 0.2104728 0.2140121
1.8400000 -0.9041369 -1.1046498 -0.7348164 0.5160310 -0.0410554 -0.0158473 1.2485375 0.2538332 0.2038048
1.8600000 -0.8935660 -1.1054200 -0.7350924 0.5396463 -0.0355537 -0.0118951 1.1075155 0.2947148 0.1894064
1.8800000 -0.8825511 -1.1060720 -0.7352922 0.5603316 -0.0292668 -0.0082710 0.9574685 0.3316727 0.1712641
1.9000000 -0.8711527 -1.1065907 -0.7354233 0.5779450 -0.0222868 -0.0050445 0.8021520 0.3634573 0.1499948
1.9200000 -0.8594333 -1.1069634 -0.7354940 0.5924177 -0.0147286 -0.0022712 0.6450681 0.3890294 0.1263458
1.9400000 -0.8474560 -1.1071798 -0.7355141 0.6037478 -0.0067256 0.0000093 0.4893883 0.4075714 0.1011496
1.9600000 -0.8352834 -1.1072325 -0.7354937 0.6119932 0.0015743 0.0017748 0.3379091 0.4184952 0.0752768
1.9800000 -0.8229762 -1.1071169 -0.7354431 0.6172641 0.0100142 0.0030204 0.1930156 0.4214477 0.0495909
2.0000000 -0.8105928 -1.1068319 -0.7353728 0.6197139 0.0184322 0.0037584 0.0566541 0.4163127 0.0249070
2.0200000 -0.7981877 -1.1063796 -0.7352928 0.6195303 0.0266667 0.0040167 -0.0696944 0.4032057 0.0019580
2.0400000 -0.7858116 -1.1057652 -0.7352122 0.6169261 0.0345604 0.0038367 -0.1850239 0.3824637 -0.0186332
2.0600000 -0.7735107 -1.1049972 -0.7351393 0.6121293 0.0419652 0.0032713 -0.2887666 0.3546308 -0.0363711
2.0800000 -0.7613264 -1.1040866 -0.7350813 0.6053754 0.0487457 0.0023819 -0.3807334 0.3204362 -0.0508976
2.1000000 -0.7492956 -1.1030473 -0.7350440 0.5969000 0.0547827 0.0012354 -0.4611127 0.2807600 -0.0619931
2.1200000 -0.7374504 -1.1018953 -0.7350319 0.5869309 0.0599761 -0.0000979 -0.5305223 0.2365891 -0.0695719
2.1400000 -0.7258184 -1.1006483 -0.7350480 0.5756791 0.0642462 -0.0015475 -0.5900211 0.1889765 -0.0736731
2.1600000 -0.7144232 -1.0993255 -0.7350938 0.5633301 0.0675351 -0.0030448 -0.6410236 0.1390106 -0.0744474
2.1800000 -0.7032852 -1.0979469 -0.7351697 0.5500382 0.0698067 -0.0045254 -0.6851533 0.0877928 -0.0721426
2.2000000 -0.6924217 -1.0965332 -0.7352748 0.5359239 0.0710468 -0.0059305 -0.7240920 0.0364172 -0.0670871
2.2200000 -0.6818482 -1.0951050 -0.7354070 0.5210745 0.0712634 -0.0072088 -0.7594518 -0.0140487 -0.0596726
2.2400000 -0.6715787 -1.0936827 -0.7355632 0.5055459 0.0704849 -0.0083174 -0.7926732 -0.0625833 -0.0503374
2.2600000 -0.6616264 -1.0922856 -0.7357397 0.4893676 0.0687600 -0.0092223 -0.8249469 -0.1082304 -0.0395492
2.2800000 -0.6520040 -1.0909323 -0.7359321 0.4725480 0.0661557 -0.0098994 -0.8571594 -0.1501173 -0.0277891
2.3000000 -0.6427245 -1.0896394 -0.7361356 0.4550812 0.0627553 -0.0103339 -0.8898583 -0.1874721 -0.0155357
2.3200000 -0.6338008 -1.0884220 -0.7363454 0.4369537 0.0586568 -0.0105208 -0.9232358 -0.2196398 -0.0032511
2.3400000 -0.6252463 -1.0872931 -0.7365565 0.4181518 0.0539697 -0.0104639 -0.9571281 -0.2460961 0.0086326
2.3600000 -0.6170747 -1.0862633 -0.7367640 0.3986685 0.0488130 -0.0101755 -0.9910275 -0.2664589 0.0197246
2.3800000 -0.6092996 -1.0853406 -0.7369635 0.3785106 0.0433114 -0.0096750 -1.0241041 -0.2804966 0.0296853
2.4000000 -0.6019343 -1.0845308 -0.7371510 0.3577044 0.0375931 -0.0089881 -1.0552355 -0.2881338 0.0382347
2.4200000 -0.5949914 -1.0838369 -0.7373230 0.3363012 0.0317860 -0.0081456 -1.0830438 -0.2894529 0.0451581
2.4400000 -0.5884822 -1.0832594 -0.7374768 0.3143826 0.0260150 -0.0071818 -1.1059535 -0.2846931 0.0503102
2.4600000 -0.5824161 -1.0827963 -0.7376103 0.2920631 0.0203983 -0.0061332 -1.1223004 -0.2742460 0.0536175
2.4800000 -0.5767997 -1.0824434 -0.7377221 0.2694906 0.0150451 -0.0050370 -1.1305064 -0.2586491 0.0550791
2.5000000 -0.5716365 -1.0821945 -0.7378118 0.2468428 0.0100523 -0.0039300 -1.1292756 -0.2385735 0.0547643
2.5200000 -0.5669260 -1.0820413 -0.7378793 0.2243196 0.0055022 -0.0028465 -1.1177342 -0.2148026 0.0528068
2.5400000 -0.5626637 -1.0819744 -0.7379256 0.2021335 0.0014602 -0.0018177 -1.0954793 -0.1882046 0.0493964
2.5600000 -0.5588407 -1.0819829 -0.7379520 0.1805004 -0.0020260 -0.0008706 -1.0625642 -0.1596989 0.0447666
2.5800000 -0.5554437 -1.0820554 -0.7379604 0.1596309 -0.0049277 -0.0000271 -1.0194582 -0.1302220 0.0391830
2.6000000 -0.5524554 -1.0821800 -0.7379531 0.1397221 -0.0072349 0.0006967 -0.9669999 -0.1006939 0.0329295
2.6200000 -0.5498548 -1.0823448 -0.7379326 0.1209509 -0.0089555 0.0012901 -0.9063469 -0.0719859 0.0262956
2.6400000 -0.5476174 -1.0825383 -0.7379015 0.1034682 -0.0101143 0.0017485 -0.8389232 -0.0448899 0.0195636
2.6600000 -0.5457161 -1.0827494 -0.7378626 0.0873940 -0.0107511 0.0020727 -0.7663652 -0.0200913 0.0129962
2.6800000 -0.5441216 -1.0829683 -0.7378186 0.0728136 -0.0109180 0.0022684 -0.6904647 0.0018544 0.0068262
2.7000000 -0.5428035 -1.0831861 -0.7377719 0.0597754 -0.0106769 0.0023457 -0.6131022 0.0205371 0.0012472
2.7200000 -0.5417306 -1.0833954 -0.7377248 0.0482895 -0.0100965 0.0023183 -0.2871470 0.0145105 -0.0006864
2.7400000 -0.5408720 -1.0835900 -0.7376792 0.0482895 -0.0100965 0.0023183 -0.2871470 0.0145105 -0.0006864
