0.0000000 -1.2035123 -0.3388285 -1.1674684 -0.0257319 0.0507612 -0.0025030 -0.0101770 -0.0462736 0.1148368
0.0200000 -1.2040207 -0.3378049 -1.1675552 -0.0257319 0.0507612 -0.0025030 -0.0101770 -0.0462736 0.1148368
0.0400000 -1.2045416 -0.3367981 -1.1675685 -0.0261390 0.0489102 0.0020905 -0.0082419 -0.1467123 0.2776352
0.0600000 -1.2050663 -0.3358485 -1.1674715 -0.0260616 0.0448927 0.0086024 0.0182546 -0.2617621 0.3765985
0.0800000 -1.2055841 -0.3350024 -1.1672244 -0.0254088 0.0384397 0.0171544 0.0493684 -0.3898512 0.4806713
0.1000000 -1.2060826 -0.3343109 -1.1667854 -0.0240868 0.0292986 0.0278293 0.0851808 -0.5300252 0.5878514
0.1200000 -1.2065475 -0.3338304 -1.1661113 -0.0220015 0.0172387 0.0406685 0.1256364 -0.6810185 0.6960422
0.1400000 -1.2069627 -0.3336214 -1.1651586 -0.0190614 0.0020579 0.0556710 0.1705270 -0.8412564 0.8031068
0.1600000 -1.2073100 -0.3337481 -1.1638844 -0.0151805 -0.0164115 0.0727927 0.2194825 -1.0088669 0.9069230
0.1800000 -1.2075699 -0.3342778 -1.1622469 -0.0102821 -0.0382968 0.0919479 0.2719661 -1.1817019 1.0054370
0.2000000 -1.2077213 -0.3352800 -1.1602065 -0.0043018 -0.0636796 0.1130102 0.3272774 -1.3573688 1.0967160
0.2200000 -1.2077420 -0.3368250 -1.1577265 0.0028090 -0.0925915 0.1358165 0.3845609 -1.5332704 1.1789965
0.2400000 -1.2076089 -0.3389836 -1.1547738 0.0110806 -0.1250104 0.1601701 0.4428207 -1.7066540 1.2507290
0.2600000 -1.2072987 -0.3418254 -1.1513197 0.0205219 -0.1608577 0.1858457 0.5009417 -1.8746665 1.3106159
0.2800000 -1.2067880 -0.3454179 -1.1473400 0.0311183 -0.1999971 0.2125947 0.5577155 -2.0344144 1.3576422
0.3000000 -1.2060540 -0.3498253 -1.1428159 0.0428305 -0.2422343 0.2401514 0.6118717 -2.1830280 1.3910968
0.3200000 -1.2050748 -0.3551073 -1.1377340 0.0555931 -0.2873182 0.2682386 0.6621119 -2.3177256 1.4105844
0.3400000 -1.2038303 -0.3613180 -1.1320864 0.0693150 -0.3349433 0.2965747 0.7071476 -2.4358771 1.4160268
0.3600000 -1.2023022 -0.3685050 -1.1258710 0.0838791 -0.3847533 0.3248797 0.7457381 -2.5350643 1.4076530
0.3800000 -1.2004751 -0.3767082 -1.1190912 0.0991445 -0.4363459 0.3528809 0.7767292 -2.6131360 1.3859792
0.4000000 -1.1983364 -0.3859589 -1.1117557 0.1149482 -0.4892787 0.3803188 0.7990898 -2.6682561 1.3517788
0.4200000 -1.1958772 -0.3962793 -1.1038784 0.1311081 -0.5430761 0.4069520 0.8119462 -2.6989427 1.3060437
0.4400000 -1.1930921 -0.4076819 -1.0954777 0.1474261 -0.5972364 0.4325606 0.8146114 -2.7040989 1.2499390
0.4600000 -1.1899801 -0.4201688 -1.0865760 0.1636925 -0.6512401 0.4569496 0.8066092 -2.6830320 1.1847525
0.4800000 -1.1865444 -0.4337315 -1.0771997 0.1796904 -0.7045577 0.4799507 0.7876913 -2.6354630 1.1118417
0.5000000 -1.1827925 -0.4483511 -1.0673780 0.1952002 -0.7566586 0.5014232 0.7578473 -2.5615262 1.0325800
0.5200000 -1.1787364 -0.4639979 -1.0571427 0.2100043 -0.8070188 0.5212539 0.7173061 -2.4617585 0.9483055
0.5400000 -1.1743923 -0.4806318 -1.0465278 0.2238924 -0.8551289 0.5393555 0.6665299 -2.3370809 0.8602732
0.5600000 -1.1697807 -0.4982030 -1.0355685 0.2366655 -0.9005020 0.5556648 0.6061998 -2.1887722 0.7696140
0.5800000 -1.1649257 -0.5166519 -1.0243012 0.2481404 -0.9426798 0.5701400 0.5371945 -2.0184365 0.6773021
0.6000000 -1.1598551 -0.5359102 -1.0127629 0.2581533 -0.9812395 0.5827569 0.4605625 -1.8279675 0.5841304
0.6200000 -1.1545996 -0.5559015 -1.0009909 0.2665629 -1.0157985 0.5935052 0.3774904 -1.6195085 0.4906979
0.6400000 -1.1491926 -0.5765422 -0.9890227 0.2732529 -1.0460198 0.6023848 0.2892674 -1.3954115 0.3974067
0.6600000 -1.1436695 -0.5977423 -0.9768956 0.2781336 -1.0716150 0.6094015 0.1972492 -1.1581956 0.3044699
0.6800000 -1.1380672 -0.6194068 -0.9646467 0.2811429 -1.0923476 0.6145636 0.1028223 -0.9105065 0.2119301
0.7000000 -1.1324238 -0.6414362 -0.9523130 0.2822465 -1.1080352 0.6178787 0.0073702 -0.6550767 0.1196867
0.7200000 -1.1267774 -0.6637282 -0.9399315 0.2814377 -1.1185507 0.6193511 -0.0877557 -0.3946879 0.0275307
0.7400000 -1.1211663 -0.6861782 -0.9275390 0.2787363 -1.1238228 0.6189799 -0.1812615 -0.1321353 -0.0648141
0.7600000 -1.1156279 -0.7086811 -0.9151723 0.2741872 -1.1238361 0.6167585 -0.2719299 0.1298056 -0.1576470
0.7800000 -1.1101988 -0.7311317 -0.9028686 0.2678591 -1.1186305 0.6126741 -0.3586341 0.3884098 -0.2512436
0.8000000 -1.1049136 -0.7534263 -0.8906653 0.2598419 -1.1082997 0.6067088 -0.4403457 0.6410319 -0.3458112
0.8200000 -1.0998051 -0.7754637 -0.8786003 0.2502452 -1.0929893 0.5988416 -0.5161382 0.8851328 -0.4414461
0.8400000 -1.0949038 -0.7971459 -0.8667117 0.2391963 -1.0728944 0.5890509 -0.5851857 1.1183048 -0.5380973
0.8600000 -1.0902372 -0.8183794 -0.8550382 0.2268378 -1.0482571 0.5773177 -0.6467597 1.3382945 -0.6355367
0.8800000 -1.0858302 -0.8390762 -0.8436190 0.2133260 -1.0193626 0.5636295 -0.7002223 1.5430254 -0.7333383
0.9000000 -1.0817042 -0.8591539 -0.8324931 0.1988289 -0.9865361 0.5479842 -0.7450207 1.7306172 -0.8308680
0.9200000 -1.0778771 -0.8785376 -0.8216996 0.1835251 -0.9501379 0.5303947 -0.7806799 1.8994057 -0.9272833
0.9400000 -1.0743632 -0.8971595 -0.8112773 0.1676017 -0.9105598 0.5108928 -0.8067981 2.0479596 -1.0215445
0.9600000 -1.0711730 -0.9149600 -0.8012639 0.1512532 -0.8682195 0.4895329 -0.8230430 2.1750964 -1.1124372
0.9800000 -1.0683131 -0.9318882 -0.7916960 0.1346800 -0.8235560 0.4663954 -0.8291500 2.2798963 -1.1986039
1.0000000 -1.0657858 -0.9479022 -0.7826081 0.1180872 -0.7770237 0.4415888 -0.8249232 2.3617134 -1.2785856
1.0200000 -1.0635896 -0.9629692 -0.7740324 0.1016831 -0.7290874 0.4152519 -0.8102374 2.4201852 -1.3508696
1.0400000 -1.0617185 -0.9770657 -0.7659980 0.0856777 -0.6802163 0.3875540 -0.7850420 2.4552382 -1.4139438
1.0600000 -1.0601625 -0.9901778 -0.7585302 0.0702814 -0.6308779 0.3586942 -0.7493663 2.4670902 -1.4663535
1.0800000 -1.0589072 -1.0023008 -0.7516502 0.0557031 -0.5815327 0.3288999 -0.7033245 2.4562500 -1.5067588
1.1000000 -1.0579343 -1.0134391 -0.7453742 0.0421484 -0.5326279 0.2984238 -0.6471211 2.4235112 -1.5339902
1.1200000 -1.0572213 -1.0236060 -0.7397133 0.0298182 -0.4845922 0.2675403 -0.5810555 2.3699433 -1.5471007
1.1400000 -1.0567416 -1.0328228 -0.7346726 0.0189062 -0.4378302 0.2365398 -0.5055255 2.2968775 -1.5454099
1.1600000 -1.0564650 -1.0411192 -0.7302517 0.0095972 -0.3927171 0.2057239 -0.4210299 2.2058883 -1.5285409
1.1800000 -1.0563577 -1.0485315 -0.7264437 0.0020650 -0.3495946 0.1753982 -0.3281689 2.0987703 -1.4964462
1.2000000 -1.0563824 -1.0551030 -0.7232358 -0.0035296 -0.3087663 0.1458660 -0.2276438 1.9775114 -1.4494223
1.2200000 -1.0564989 -1.0608822 -0.7206090 -0.0070407 -0.2704942 0.1174213 -0.1202549 1.8442614 -1.3881122
1.2400000 -1.0566641 -1.0659227 -0.7185389 -0.0083398 -0.2349959 0.0903415 -0.0068978 1.7012975 -1.3134955
1.2600000 -1.0568325 -1.0702820 -0.7169954 -0.0073167 -0.2024423 0.0648815 0.1114410 1.5509868 -1.2268667
1.2800000 -1.0569567 -1.0740204 -0.7159437 -0.0038821 -0.1729564 0.0412669 0.2336899 1.3957471 -1.1298024
1.3000000 -1.0569878 -1.0772003 -0.7153447 0.0020309 -0.1466124 0.0196894 0.3586992 1.2380056 -1.0241181
1.3200000 -1.0568755 -1.0798849 -0.7151561 0.0104659 -0.1234362 0.0003021 0.4852496 1.0801586 -0.9118179
1.3400000 -1.0565692 -1.0821377 -0.7153326 0.0214409 -0.1034061 -0.0167833 0.6120612 0.9245305 -0.7950371
1.3600000 -1.0560179 -1.0840212 -0.7158274 0.0349483 -0.0864549 -0.0314993 0.7378052 0.7733349 -0.6759816
1.3800000 -1.0551712 -1.0855959 -0.7165926 0.0509531 -0.0724727 -0.0438226 0.8611168 0.6286385 -0.5568656
1.4000000 -1.0539797 -1.0869201 -0.7175803 0.0693930 -0.0613094 -0.0537740 0.9806101 0.4923275 -0.4398499
1.4200000 -1.0523955 -1.0880483 -0.7187436 0.0901775 -0.0527796 -0.0614166 1.0948951 0.3660784 -0.3269831
1.4400000 -1.0503726 -1.0890312 -0.7200370 0.1131888 -0.0466663 -0.0668533 1.2025975 0.2513330 -0.2201489
1.4600000 -1.0478680 -1.0899149 -0.7214177 0.1382814 -0.0427262 -0.0702226 1.3023789 0.1492781 -0.1210185
1.4800000 -1.0448414 -1.0907403 -0.7228459 0.1652839 -0.0406951 -0.0716940 1.3929598 0.0608308 -0.0310127
1.5000000 -1.0412566 -1.0915427 -0.7242854 0.1939998 -0.0402930 -0.0714631 1.4731431 -0.0133711 0.0487278
1.5200000 -1.0370814 -1.0923520 -0.7257044 0.2242097 -0.0412300 -0.0697449 1.5418365 -0.0729738 0.1173621
1.5400000 -1.0322882 -1.0931919 -0.7270752 0.2556733 -0.0432120 -0.0667686 1.5980758 -0.1179061 0.1743584
1.5600000 -1.0268545 -1.0940805 -0.7283751 0.2881327 -0.0459462 -0.0627706 1.6410450 -0.1483734 0.2194944
1.5800000 -1.0207629 -1.0950298 -0.7295861 0.3213151 -0.0491469 -0.0579888 1.6700943 -0.1648464 0.2528476
1.6000000 -1.0140019 -1.0960464 -0.7306947 0.3549365 -0.0525401 -0.0526567 1.6847540 -0.1680458 0.2747779
1.6200000 -1.0065654 -1.0971314 -0.7316923 0.3887052 -0.0558687 -0.0469977 1.6847449 -0.1589226 0.2859024
1.6400000 -0.9984537 -1.0982811 -0.7325746 0.4223262 -0.0588970 -0.0412206 1.6699830 -0.1386338 0.2870645
1.6600000 -0.9896724 -1.0994873 -0.7333412 0.4555046 -0.0614141 -0.0355151 1.6405798 -0.1085165 0.2792973
1.6800000 -0.9802335 -1.1007377 -0.7339952 0.4879494 -0.0632377 -0.0300487 1.5968379 -0.0700577 0.2637849
1.7000000 -0.9701544 -1.1020168 -0.7345431 0.5193781 -0.0642164 -0.0249637 1.5392411 -0.0248625 0.2418205
1.7200000 -0.9594583 -1.1033063 -0.7349938 0.5495191 -0.0642322 -0.0203759 1.4684408 0.0253793 0.2147648
1.7400000 -0.9481737 -1.1045861 -0.7353581 0.5781157 -0.0632012 -0.0163731 1.3852387 0.0789284 0.1840039
1.7600000 -0.9363337 -1.1058344 -0.7356487 0.6049286 -0.0610750 -0.0130157 1.2905668 0.1340317 0.1509100
1.7800000 -0.9239765 -1.1070291 -0.7358788 0.6297384 -0.0578400 -0.0103367 1.1854651 0.1889581 0.1168044
1.8000000 -0.9111442 -1.1081480 -0.7360622 0.6523472 -0.0535167 -0.0083435 1.0710592 0.2420344 0.0829238
1.8200000 -0.8978826 -1.1091697 -0.7362125 0.6725807 -0.0481586 -0.0070198 0.9485365 0.2916797 0.0503915
1.8400000 -0.8842410 -1.1100743 -0.7363429 0.6902887 -0.0418495 -0.0063279 0.8191251 0.3364389 0.0201931
1.8600000 -0.8702711 -1.1108437 -0.7364656 0.7053457 -0.0347010 -0.0062121 0.6840727 0.3750128 -0.0068420
1.8800000 -0.8560271 -1.1114624 -0.7365914 0.7176516 -0.0268490 -0.0066016 0.5446290 0.4062869 -0.0300542
1.9000000 -0.8415650 -1.1119177 -0.7367297 0.7271309 -0.0184495 -0.0074142 0.4020306 0.4293549 -0.0489608
1.9200000 -0.8269419 -1.1122003 -0.7368880 0.7337328 -0.0096748 -0.0085600 0.2574887 0.4435390 -0.0632585
1.9400000 -0.8122157 -1.1123047 -0.7370721 0.7374305 -0.0007080 -0.0099446 0.1121810 0.4484045 -0.0728194
1.9600000 -0.7974447 -1.1122287 -0.7372858 0.7382201 0.0082614 -0.0114728 -0.0327541 0.4437697 -0.0776827
1.9800000 -0.7826869 -1.1119742 -0.7375310 0.7361203 0.0170428 -0.0130519 -0.1762203 0.4297088 -0.0780419
2.0000000 -0.7679999 -1.1115470 -0.7378079 0.7311713 0.0254497 -0.0145944 -0.3171632 0.4065498 -0.0742274
2.0200000 -0.7534400 -1.1109562 -0.7381148 0.7234338 0.0333048 -0.0160210 -0.4545692 0.3748650 -0.0666870
2.0400000 -0.7390625 -1.1102148 -0.7384487 0.7129885 0.0404443 -0.0172619 -0.5874629 0.3354554 -0.0559630
2.0600000 -0.7249205 -1.1093384 -0.7388053 0.6999353 0.0467230 -0.0182595 -0.7149048 0.2893293 -0.0426681
2.0800000 -0.7110651 -1.1083458 -0.7391791 0.6843923 0.0520175 -0.0189687 -0.8359892 0.2376744 -0.0274605
2.1000000 -0.6975448 -1.1072577 -0.7395640 0.6664957 0.0562300 -0.0193579 -0.9498435 0.1818251 -0.0110189
2.1200000 -0.6844053 -1.1060966 -0.7399534 0.6463986 0.0592905 -0.0194094 -1.0556298 0.1232248 0.0059816
2.1400000 -0.6716889 -1.1048861 -0.7403404 0.6242705 0.0611590 -0.0191186 -1.1525486 0.0633851 0.0228917
2.1600000 -0.6594344 -1.1036503 -0.7407181 0.6002966 0.0618259 -0.0184937 -1.2398450 0.0038419 0.0391084
2.1800000 -0.6476770 -1.1024131 -0.7410801 0.5746767 0.0613126 -0.0175543 -1.3168183 -0.0538892 0.0540918
2.2000000 -0.6364474 -1.1011978 -0.7414203 0.5476239 0.0596703 -0.0163301 -1.3828337 -0.1083579 0.0673792
2.2200000 -0.6257720 -1.1000263 -0.7417333 0.5193633 0.0569783 -0.0148591 -1.4373367 -0.1582223 0.0785957
2.2400000 -0.6156728 -1.0989186 -0.7420147 0.4901304 0.0533415 -0.0131862 -1.4798689 -0.2022893 0.0874604
2.2600000 -0.6061668 -1.0978926 -0.7422608 0.4601686 0.0488868 -0.0113607 -1.5100857 -0.2395504 0.0937895
2.2800000 -0.5972661 -1.0969632 -0.7424691 0.4297270 0.0437594 -0.0094347 -1.5277738 -0.2692123 0.0974960
2.3000000 -0.5889777 -1.0961422 -0.7426382 0.3990576 0.0381183 -0.0074609 -1.5328683 -0.2907203 0.0985859
2.3200000 -0.5813038 -1.0954384 -0.7427675 0.3684123 0.0321306 -0.0054912 -1.5254678 -0.3037739 0.0971514
2.3400000 -0.5742413 -1.0948570 -0.7428578 0.3380389 0.0259673 -0.0035748 -1.5058478 -0.3083350 0.0933627
2.3600000 -0.5677822 -1.0943998 -0.7429105 0.3081783 0.0197972 -0.0017567 -1.4744689 -0.3046261 0.0874567
2.3800000 -0.5619141 -1.0940651 -0.7429281 0.2790602 0.0137823 -0.0000766 -1.4319815 -0.2931211 0.0797253
2.4000000 -0.5566198 -1.0938485 -0.7429136 0.2508991 0.0080724 0.0014323 -1.3792239 -0.2745261 0.0705023
2.4200000 -0.5518782 -1.0937422 -0.7428708 0.2238912 0.0028012 0.0027435 -1.3172148 -0.2497541 0.0601503
2.4400000 -0.5476642 -1.0937364 -0.7428039 0.1982105 -0.0019178 0.0038383 -1.2471385 -0.2198909 0.0490474
2.4600000 -0.5439497 -1.0938189 -0.7427173 0.1740057 -0.0059944 0.0047054 -1.1703238 -0.1861564 0.0375748
2.4800000 -0.5407040 -1.0939762 -0.7426156 0.1513975 -0.0093640 0.0053413 -1.0882153 -0.1498608 0.0261040
2.5000000 -0.5378938 -1.0941935 -0.7425036 0.1304771 -0.0119888 0.0057496 -1.0023395 -0.1123576 0.0149867
2.5200000 -0.5354849 -1.0944557 -0.7423857 0.1113040 -0.0138583 0.0059408 -0.9142648 -0.0749948 0.0045443
2.5400000 -0.5334417 -1.0947478 -0.7422660 0.0939065 -0.0149886 0.0059314 -0.8255568 -0.0390665 -0.0049401
2.5600000 -0.5317286 -1.0950553 -0.7421484 0.0782817 -0.0154210 0.0057432 -0.7377310 -0.0057650 -0.0132293
2.5800000 -0.5303104 -1.0953647 -0.7420363 0.0643972 -0.0152192 0.0054022 -0.3471117 0.0050439 -0.0085242
2.6000000 -0.5291527 -1.0956641 -0.7419323 0.0643972 -0.0152192 0.0054022 -0.3471117 0.0050439 -0.0085242
