0.0000000 -1.2028703 -0.3421635 -1.1652324 -0.0108312 0.0422448 -0.0298405 -0.0235628 0.0485781 0.0279198
0.0200000 -1.2030775 -0.3413409 -1.1658347 -0.0108312 0.0422448 -0.0298405 -0.0235628 0.0485781 0.0279198
0.0400000 -1.2033035 -0.3404737 -1.1664260 -0.0117738 0.0441879 -0.0287237 -0.0467287 0.0802378 0.0862113
0.0600000 -1.2035484 -0.3395733 -1.1669837 -0.0127004 0.0454543 -0.0263921 -0.0447415 0.0409048 0.1513087
0.0800000 -1.2038115 -0.3386555 -1.1674817 -0.0135634 0.0458241 -0.0226714 -0.0401503 -0.0099577 0.2249746
0.1000000 -1.2040910 -0.3377404 -1.1678905 -0.0143064 0.0450560 -0.0173931 -0.0325497 -0.0732814 0.3067783
0.1200000 -1.2043838 -0.3368533 -1.1681774 -0.0148654 0.0428929 -0.0104003 -0.0216027 -0.1496937 0.3959916
0.1400000 -1.2046856 -0.3360247 -1.1683065 -0.0151705 0.0390683 -0.0015534 -0.0070578 -0.2394851 0.4916076
0.1600000 -1.2049906 -0.3352905 -1.1682395 -0.0151477 0.0333135 0.0092640 0.0112362 -0.3425920 0.5923772
0.1800000 -1.2052915 -0.3346921 -1.1679360 -0.0147211 0.0253646 0.0221417 0.0333185 -0.4585918 0.6968579
0.2000000 -1.2055794 -0.3342759 -1.1673539 -0.0138150 0.0149698 0.0371384 0.0591068 -0.5867079 0.8034711
0.2200000 -1.2058441 -0.3340933 -1.1664504 -0.0123568 0.0018963 0.0542805 0.0883920 -0.7258262 0.9105648
0.2400000 -1.2060737 -0.3342001 -1.1651826 -0.0102793 -0.0140633 0.0735610 0.1208393 -0.8745186 1.0164663
0.2600000 -1.2062553 -0.3346559 -1.1635080 -0.0075232 -0.0330845 0.0949392 0.1559975 -1.0310674 1.1195061
0.2800000 -1.2063746 -0.3355235 -1.1613851 -0.0040394 -0.0553060 0.1183412 0.1933138 -1.1934818 1.2180053
0.3000000 -1.2064168 -0.3368681 -1.1587743 0.0002093 -0.0808237 0.1436594 0.2321500 -1.3595094 1.3102555
0.3200000 -1.2063663 -0.3387564 -1.1556387 0.0052466 -0.1096863 0.1707514 0.2717937 -1.5266577 1.3945331
0.3400000 -1.2062070 -0.3412556 -1.1519443 0.0110811 -0.1418901 0.1994407 0.3114665 -1.6922281 1.4691483
0.3600000 -1.2059230 -0.3444320 -1.1476611 0.0177053 -0.1773755 0.2295174 0.3503330 -1.8533506 1.5324916
0.3800000 -1.2054988 -0.3483506 -1.1427636 0.0250944 -0.2160241 0.2607404 0.3875112 -2.0070025 1.5830457
0.4000000 -1.2049193 -0.3530730 -1.1372315 0.0332057 -0.2576556 0.2928392 0.4220866 -2.1500148 1.6193655
0.4200000 -1.2041705 -0.3586568 -1.1310500 0.0419779 -0.3020247 0.3255150 0.4531275 -2.2790861 1.6400578
0.4400000 -1.2032401 -0.3651540 -1.1242109 0.0513308 -0.3488190 0.3584415 0.4797085 -2.3908499 1.6438143
0.4600000 -1.2021173 -0.3726096 -1.1167124 0.0611662 -0.3976587 0.3912675 0.5009448 -2.4820299 1.6295347
0.4800000 -1.2007935 -0.3810603 -1.1085602 0.0713686 -0.4481002 0.4236229 0.5160354 -2.5496508 1.5965010
0.5000000 -1.1992626 -0.3905336 -1.0997675 0.0818076 -0.4996447 0.4551276 0.5243036 -2.5912273 1.5445142
0.5200000 -1.1975212 -0.4010461 -1.0903551 0.0923407 -0.5517493 0.4854034 0.5252286 -2.6048798 1.4739398
0.5400000 -1.1955689 -0.4126035 -1.0803513 0.1028168 -0.6038399 0.5140852 0.5184679 -2.5893887 1.3856826
0.5600000 -1.1934085 -0.4251997 -1.0697917 0.1130795 -0.6553248 0.5408307 0.5038715 -2.5442170 1.2811287
0.5800000 -1.1910458 -0.4388165 -1.0587181 0.1229716 -0.7056086 0.5653303 0.4814899 -2.4695164 1.1620771
0.6000000 -1.1884897 -0.4534240 -1.0471784 0.1323391 -0.7541055 0.5873138 0.4515750 -2.3661178 1.0306633
0.6200000 -1.1857522 -0.4689807 -1.0352255 0.1410346 -0.8002533 0.6065569 0.4145735 -2.2355068 0.8892807
0.6400000 -1.1828483 -0.4854342 -1.0229162 0.1489220 -0.8435258 0.6228851 0.3711130 -2.0797837 0.7404982
0.6600000 -1.1797953 -0.5027218 -1.0103101 0.1558791 -0.8834446 0.6361768 0.3219804 -1.9016080 0.5869792
0.6800000 -1.1766131 -0.5207720 -0.9974691 0.1618012 -0.9195901 0.6463642 0.2680944 -1.7041271 0.4314014
0.7000000 -1.1733233 -0.5395054 -0.9844556 0.1666029 -0.9516097 0.6534328 0.2104716 -1.4908901 0.2763797
0.7200000 -1.1699490 -0.5588364 -0.9713318 0.1702201 -0.9792257 0.6574194 0.1501894 -1.2657463 0.1243934
0.7400000 -1.1665145 -0.5786744 -0.9581588 0.1726105 -1.0022396 0.6584086 0.0883458 -1.0327285 -0.0222832
0.7600000 -1.1630446 -0.5989259 -0.9449954 0.1737539 -1.0205348 0.6565281 0.0260177 -0.7959217 -0.1616454
0.7800000 -1.1595643 -0.6194958 -0.9318977 0.1736512 -1.0340764 0.6519428 -0.0357790 -0.5593176 -0.2920191
0.8000000 -1.1560985 -0.6402890 -0.9189177 0.1723227 -1.0429075 0.6448473 -0.0961279 -0.3266544 -0.4121190
0.8200000 -1.1526714 -0.6612121 -0.9061038 0.1698061 -1.0471426 0.6354580 -0.1542469 -0.1012439 -0.5211043
0.8400000 -1.1493063 -0.6821747 -0.8934994 0.1661529 -1.0469573 0.6240032 -0.2095188 0.1142143 -0.6186346
0.8600000 -1.1460253 -0.7030904 -0.8811436 0.1614253 -1.0425740 0.6107126 -0.2615144 0.3178197 -0.7049201
0.8800000 -1.1428493 -0.7238777 -0.8690709 0.1556923 -1.0342445 0.5958063 -0.3100015 0.5085965 -0.7807363
0.9000000 -1.1397976 -0.7444602 -0.8573114 0.1490253 -1.0222302 0.5794832 -0.3549208 0.6864276 -0.8473312
0.9200000 -1.1368883 -0.7647669 -0.8458916 0.1414955 -1.0067874 0.5619131 -0.3963201 0.8517147 -0.9061869
0.9400000 -1.1341378 -0.7847317 -0.8348349 0.1331725 -0.9881616 0.5432357 -0.4342695 1.0049088 -0.9587158
0.9600000 -1.1315614 -0.8042933 -0.8241621 0.1241247 -0.9665910 0.5235645 -0.4687963 1.1461928 -1.0060484
0.9800000 -1.1291728 -0.8233953 -0.8138923 0.1144206 -0.9423139 0.5029938 -0.4998597 1.2754543 -1.0489891
1.0000000 -1.1269845 -0.8419859 -0.8040424 0.1041303 -0.9155729 0.4816049 -0.5273524 1.3924632 -1.0880922
1.0200000 -1.1250076 -0.8600182 -0.7946281 0.0933265 -0.8866153 0.4594701 -0.5511090 1.4971110 -1.1237770
1.0400000 -1.1232515 -0.8774505 -0.7856636 0.0820859 -0.8556884 0.4366538 -0.5709100 1.5895953 -1.1564233
1.0600000 -1.1217241 -0.8942458 -0.7771619 0.0704901 -0.8230315 0.4132131 -0.5864705 1.6704322 -1.1863832
1.0800000 -1.1204319 -0.9103718 -0.7691351 0.0586271 -0.7888711 0.3891985 -0.5974119 1.7402330 -1.2138789
1.1000000 -1.1193791 -0.9258006 -0.7615940 0.0465936 -0.7534222 0.3646580 -0.6032282 1.7993700 -1.2388502
1.1200000 -1.1185681 -0.9405086 -0.7545487 0.0344980 -0.7168963 0.3396445 -0.6032709 1.8477686 -1.2608730
1.1400000 -1.1179991 -0.9544765 -0.7480082 0.0224628 -0.6795115 0.3142231 -0.5967579 1.8849365 -1.2792037
1.1600000 -1.1176696 -0.9676891 -0.7419798 0.0106277 -0.6414989 0.2884763 -0.5828018 1.9101520 -1.2929056
1.1800000 -1.1175740 -0.9801364 -0.7364692 -0.0008493 -0.6031054 0.2625068 -0.5604432 1.9226935 -1.3009943
1.2000000 -1.1177036 -0.9918133 -0.7314796 -0.0117901 -0.5645911 0.2364366 -0.5286873 1.9220539 -1.3025700
1.2200000 -1.1180456 -1.0027201 -0.7270117 -0.0219968 -0.5262232 0.2104040 -0.4865408 1.9080977 -1.2969157
1.2400000 -1.1185834 -1.0128622 -0.7230634 -0.0312517 -0.4882672 0.1845599 -0.4330537 1.8811000 -1.2835393
1.2600000 -1.1192957 -1.0222507 -0.7196293 -0.0393189 -0.4509792 0.1590625 -0.3673653 1.8416348 -1.2621457
1.2800000 -1.1201562 -1.0309014 -0.7167009 -0.0459463 -0.4146018 0.1340741 -0.2887579 1.7903932 -1.2325755
1.3000000 -1.1211336 -1.0388348 -0.7142663 -0.0508692 -0.3793635 0.1097594 -0.1967132 1.7280813 -1.1947678
1.3200000 -1.1221910 -1.0460760 -0.7123105 -0.0538148 -0.3454786 0.0862834 -0.0909704 1.6554558 -1.1487678
1.3400000 -1.1232861 -1.0526540 -0.7108150 -0.0545080 -0.3131453 0.0638087 0.0284149 1.5734296 -1.0947539
1.3600000 -1.1243713 -1.0586018 -0.7097582 -0.0526782 -0.2825414 0.0424932 0.1610102 1.4831339 -1.0330500
1.3800000 -1.1253933 -1.0639556 -0.7091153 -0.0480676 -0.2538199 0.0224867 0.3059418 1.3858874 -0.9641117
1.4000000 -1.1262940 -1.0687546 -0.7088587 -0.0404406 -0.2271059 0.0039288 0.4618335 1.2831163 -0.8885013
1.4200000 -1.1270109 -1.0730399 -0.7089581 -0.0295943 -0.2024953 -0.0130533 0.6267587 1.1763041 -0.8068669
1.4400000 -1.1274778 -1.0768544 -0.7093808 -0.0153702 -0.1800537 -0.0283459 0.7982111 1.0669791 -0.7199351
1.4600000 -1.1276257 -1.0802420 -0.7100920 0.0023342 -0.1598161 -0.0418507 0.9730915 0.9566872 -0.6285194
1.4800000 -1.1273844 -1.0832470 -0.7110549 0.0235534 -0.1417863 -0.0534867 1.1477138 0.8469137 -0.5335418
1.5000000 -1.1266836 -1.0859135 -0.7122314 0.0482427 -0.1259395 -0.0631924 1.3178409 0.7389893 -0.4360676
1.5200000 -1.1254547 -1.0882846 -0.7135826 0.0762671 -0.1122267 -0.0709294 1.4787653 0.6340289 -0.3373431
1.5400000 -1.1236329 -1.0904025 -0.7150686 0.1073933 -0.1005784 -0.0766861 1.6254456 0.5329332 -0.2388212
1.5600000 -1.1211590 -1.0923077 -0.7166500 0.1412849 -0.0909094 -0.0804822 1.7527000 0.4364410 -0.1421647
1.5800000 -1.1179815 -1.0940389 -0.7182879 0.1775013 -0.0831207 -0.0823727 1.8554502 0.3452094 -0.0492106
1.6000000 -1.1140589 -1.0956326 -0.7199449 0.2155029 -0.0771010 -0.0824507 1.9289980 0.2598967 0.0381166
1.6200000 -1.1093614 -1.0971229 -0.7215859 0.2546612 -0.0727249 -0.0808480 1.9693124 0.1812300 0.1179418
1.6400000 -1.1038725 -1.0985416 -0.7231788 0.2942754 -0.0698518 -0.0777330 1.9733079 0.1100331 0.1885935
1.6600000 -1.0975904 -1.0999170 -0.7246952 0.3335936 -0.0683236 -0.0733043 1.9391081 0.0471975 0.2487320
1.6800000 -1.0905287 -1.1012745 -0.7261110 0.3718397 -0.0679639 -0.0677837 1.8663019 -0.0063959 0.2974287
1.7000000 -1.0827168 -1.1026356 -0.7274066 0.4082456 -0.0685794 -0.0614071 1.7562147 -0.0499842 0.3341954
1.7200000 -1.0741989 -1.1040177 -0.7285673 0.4420883 -0.0699632 -0.0544159 1.6122176 -0.0830434 0.3589747
1.7400000 -1.0650332 -1.1054341 -0.7295832 0.4727343 -0.0719011 -0.0470482 1.4400382 -0.1054066 0.3721021
1.7600000 -1.0552895 -1.1068937 -0.7304492 0.4996898 -0.0741795 -0.0395318 1.2478473 -0.1173452 0.3742556
1.7800000 -1.0450456 -1.1084013 -0.7311645 0.5226482 -0.0765949 -0.0320779 1.0457188 -0.1195574 0.3663977
1.8000000 -1.0343836 -1.1099575 -0.7317323 0.5415186 -0.0789618 -0.0248759 0.8442903 -0.1130325 0.3497110
1.8200000 -1.0233849 -1.1115597 -0.7321595 0.5564198 -0.0811162 -0.0180895 0.6531106 -0.0988511 0.3255265
1.8400000 -1.0121268 -1.1132022 -0.7324559 0.5676430 -0.0829158 -0.0118548 0.4794730 -0.0780303 0.2952503
1.8600000 -1.0006792 -1.1148764 -0.7326337 0.5755988 -0.0842374 -0.0062795 0.3280711 -0.0514668 0.2602990
1.8800000 -0.9891028 -1.1165717 -0.7327071 0.5807659 -0.0849745 -0.0014429 0.2012320 -0.0199526 0.2220479
1.9000000 -0.9774485 -1.1182754 -0.7326914 0.5836480 -0.0850356 0.0026024 0.0993585 0.0157827 0.1817926
1.9200000 -0.9657569 -1.1199731 -0.7326030 0.5847402 -0.0843432 0.0058288 0.0214017 0.0550274 0.1407222
1.9400000 -0.9540589 -1.1216491 -0.7324583 0.5845041 -0.0828345 0.0082313 -0.0346693 0.0970444 0.0999025
1.9600000 -0.9423768 -1.1232865 -0.7322737 0.5833534 -0.0804614 0.0098249 -0.0714271 0.1410335 0.0602684
1.9800000 -0.9307248 -1.1248675 -0.7320653 0.5816470 -0.0771931 0.0106421 -0.0916561 0.1861147 0.0226201
2.0000000 -0.9191109 -1.1263742 -0.7318481 0.5796872 -0.0730169 0.0107297 -0.0981734 0.2313364 -0.0123760
2.0200000 -0.9075373 -1.1277882 -0.7316361 0.5777201 -0.0679397 0.0101470 -0.0937564 0.2757029 -0.0441845
2.0400000 -0.8960021 -1.1290918 -0.7314422 0.5759369 -0.0619887 0.0089624 -0.0811099 0.3182057 -0.0723941
2.0600000 -0.8844998 -1.1302678 -0.7312776 0.5744757 -0.0552114 0.0072512 -0.0628430 0.3578559 -0.0967098
2.0800000 -0.8730230 -1.1313002 -0.7311521 0.5734232 -0.0476745 0.0050940 -0.0414470 0.3937131 -0.1169419
2.1000000 -0.8615629 -1.1321748 -0.7310738 0.5728178 -0.0394629 0.0025736 -0.0192754 0.4249122 -0.1329961
2.1200000 -0.8501103 -1.1328788 -0.7310492 0.5726522 -0.0306780 -0.0002259 0.0014776 0.4506865 -0.1448619
2.1400000 -0.8386568 -1.1334019 -0.7310829 0.5728769 -0.0214354 -0.0032209 0.0187985 0.4703880 -0.1526032
2.1600000 -0.8271953 -1.1337362 -0.7311780 0.5734041 -0.0118625 -0.0063300 0.0308779 0.4835031 -0.1563485
2.1800000 -0.8157207 -1.1338764 -0.7313361 0.5741120 -0.0020953 -0.0094748 0.0361340 0.4896651 -0.1562832
2.2000000 -0.8042308 -1.1338200 -0.7315570 0.5748495 0.0077241 -0.0125813 0.0332383 0.4886627 -0.1526423
2.2200000 -0.7927267 -1.1335674 -0.7318393 0.5754416 0.0174512 -0.0155805 0.0211398 0.4804448 -0.1457041
2.2400000 -0.7812131 -1.1331219 -0.7321802 0.5756951 0.0269419 -0.0184095 -0.0009109 0.4651213 -0.1357852
2.2600000 -0.7696989 -1.1324897 -0.7325757 0.5754051 0.0360560 -0.0210119 -0.0333411 0.4429609 -0.1232350
2.2800000 -0.7581969 -1.1316797 -0.7330207 0.5743615 0.0446603 -0.0233389 -0.0762387 0.4143852 -0.1084317
2.3000000 -0.7467244 -1.1307033 -0.7335093 0.5723556 0.0526314 -0.0253492 -0.1293418 0.3799587 -0.0917771
2.3200000 -0.7353027 -1.1295744 -0.7340347 0.5691878 0.0598587 -0.0270100 -0.1920353 0.3403766 -0.0736918
2.3400000 -0.7239569 -1.1283090 -0.7345897 0.5646742 0.0662465 -0.0282969 -0.2633576 0.2964490 -0.0546092
2.3600000 -0.7127157 -1.1269246 -0.7351666 0.5586535 0.0717166 -0.0291944 -0.3420184 0.2490817 -0.0349696
2.3800000 -0.7016108 -1.1254403 -0.7357574 0.5509934 0.0762098 -0.0296957 -0.4264289 0.1992544 -0.0152127
2.4000000 -0.6906760 -1.1238762 -0.7363544 0.5415963 0.0796868 -0.0298029 -0.5147464 0.1479963 0.0042302
2.4200000 -0.6799469 -1.1222528 -0.7369496 0.5304036 0.0821296 -0.0295265 -0.6049330 0.0963590 0.0229452
2.4400000 -0.6694598 -1.1205910 -0.7375354 0.5173990 0.0835412 -0.0288851 -0.6948296 0.0453874 0.0405453
2.4600000 -0.6592510 -1.1189112 -0.7381050 0.5026104 0.0839451 -0.0279046 -0.7822446 -0.0039112 0.0566802
2.4800000 -0.6493554 -1.1172332 -0.7386516 0.4861092 0.0833847 -0.0266178 -0.8650559 -0.0505990 0.0710462
2.5000000 -0.6398066 -1.1155758 -0.7391697 0.4680082 0.0819212 -0.0250628 -0.9413257 -0.0938400 0.0833957
2.5200000 -0.6306351 -1.1139563 -0.7396541 0.4484562 0.0796311 -0.0232820 -1.0094218 -0.1329317 0.0935459
2.5400000 -0.6218683 -1.1123906 -0.7401010 0.4276313 0.0766039 -0.0213210 -1.0681161 -0.1673294 0.1013841
2.5600000 -0.6135298 -1.1108922 -0.7405070 0.4057315 0.0729380 -0.0192266 -1.1166056 -0.1966548 0.1068686
2.5800000 -0.6056391 -1.1094730 -0.7408700 0.3829671 0.0687377 -0.0170462 -1.1544209 -0.2206811 0.1100222
2.6000000 -0.5982112 -1.1081427 -0.7411888 0.3595547 0.0641107 -0.0148258 -1.1812871 -0.2393071 0.1109226
2.6200000 -0.5912569 -1.1069086 -0.7414630 0.3357156 0.0591654 -0.0126093 -1.1970525 -0.2525405 0.1096942
2.6400000 -0.5847825 -1.1057761 -0.7416932 0.3116726 0.0540091 -0.0104380 -1.2017216 -0.2604978 0.1065036
2.6600000 -0.5787900 -1.1047482 -0.7418806 0.2876467 0.0487455 -0.0083492 -1.1955075 -0.2634058 0.1015555
2.6800000 -0.5732767 -1.1038262 -0.7420272 0.2638523 0.0434729 -0.0063758 -1.1788220 -0.2615906 0.0950859
2.7000000 -0.5682359 -1.1030093 -0.7421356 0.2404938 0.0382819 -0.0045457 -1.1522226 -0.2554593 0.0873534
2.7200000 -0.5636569 -1.1022950 -0.7422090 0.2177634 0.0332545 -0.0028816 -1.1163927 -0.2454835 0.0786308
2.7400000 -0.5595254 -1.1016791 -0.7422509 0.1958381 0.0284625 -0.0014005 -1.0721645 -0.2321897 0.0691968
2.7600000 -0.5558234 -1.1011565 -0.7422650 0.1748768 0.0239669 -0.0001138 -1.0205332 -0.2161483 0.0593284
2.7800000 -0.5525303 -1.1007205 -0.7422554 0.1550168 0.0198166 0.0009726 -0.9626429 -0.1979576 0.0492937
2.8000000 -0.5496227 -1.1003638 -0.7422261 0.1363711 0.0160486 0.0018580 -0.8997694 -0.1782283 0.0393442
2.8200000 -0.5470754 -1.1000785 -0.7421811 0.1190260 0.0126875 0.0025464 -0.8333041 -0.1575682 0.0297083
2.8400000 -0.5448617 -1.0998563 -0.7421243 0.1030389 0.0097459 0.0030463 -0.7647151 -0.1365667 0.0205871
2.8600000 -0.5429539 -1.0996887 -0.7420592 0.0884374 0.0072248 0.0033699 -0.6954761 -0.1157792 0.0121516
2.8800000 -0.5413242 -1.0995673 -0.7419895 0.0752199 0.0051147 0.0035324 -0.6269785 -0.0957110 0.0045428
2.9000000 -0.5399451 -1.0994841 -0.7419179 0.0633583 0.0033964 0.0035516 -0.5604541 -0.0768059 -0.0021279
2.9200000 -0.5387899 -1.0994315 -0.7418474 0.0528017 0.0020425 0.0034473 -0.4969136 -0.0594365 -0.0077772
2.9400000 -0.5378330 -1.0994024 -0.7417801 0.0434817 0.0010189 0.0032405 -0.2330001 -0.0255889 -0.0051689
2.9600000 -0.5370506 -1.0993907 -0.7417178 0.0434817 0.0010189 0.0032405 -0.2330001 -0.0255889 -0.0051689
