0.0000000 -1.2036235 -0.3407950 -1.1631859 -0.0235633 0.0600244 -0.0159385 -0.0020622 -0.0788608 0.0520159
0.0200000 -1.2040906 -0.3395739 -1.1635192 -0.0235633 0.0600244 -0.0159385 -0.0020622 -0.0788608 0.0520159
0.0400000 -1.2045661 -0.3383940 -1.1638234 -0.0236458 0.0568700 -0.0138579 0.0145940 -0.2158594 0.1370849
0.0600000 -1.2050364 -0.3372991 -1.1640735 -0.0229796 0.0513900 -0.0104551 0.0552653 -0.3382331 0.2063764
0.0800000 -1.2054853 -0.3363384 -1.1642416 -0.0214352 0.0433406 -0.0056028 0.1024161 -0.4721521 0.2816207
0.1000000 -1.2058938 -0.3355655 -1.1642976 -0.0188829 0.0325039 0.0008097 0.1559783 -0.6160867 0.3619147
0.1200000 -1.2062406 -0.3350382 -1.1642093 -0.0151961 0.0186972 0.0088738 0.2157048 -0.7680848 0.4462392
0.1400000 -1.2065016 -0.3348176 -1.1639427 -0.0102547 0.0017805 0.0186593 0.2811738 -0.9258462 0.5334951
0.1600000 -1.2066508 -0.3349670 -1.1634629 -0.0039491 -0.0183367 0.0302136 0.3517919 -1.0868015 0.6225356
0.1800000 -1.2066596 -0.3355511 -1.1627341 0.0038169 -0.0416915 0.0435607 0.4267948 -1.2481752 0.7121962
0.2000000 -1.2064981 -0.3366347 -1.1617205 0.0131227 -0.0682637 0.0587014 0.5052473 -1.4070468 0.8013284
0.2200000 -1.2061347 -0.3382816 -1.1603861 0.0240268 -0.0979734 0.0756138 0.5860498 -1.5604270 0.8888412
0.2400000 -1.2055370 -0.3405536 -1.1586959 0.0365646 -0.1306808 0.0942551 0.6679532 -1.7053514 0.9737378
0.2600000 -1.2046721 -0.3435088 -1.1566159 0.0507450 -0.1661874 0.1145633 0.7495809 -1.8389815 1.0551367
0.2800000 -1.2035072 -0.3472011 -1.1541134 0.0665479 -0.2042400 0.1364605 0.8294568 -1.9587075 1.1322783
0.3000000 -1.2020102 -0.3516784 -1.1511575 0.0839232 -0.2445357 0.1598545 0.9060369 -2.0622452 1.2045252
0.3200000 -1.2001503 -0.3569825 -1.1477192 0.1027894 -0.2867298 0.1846415 0.9777363 -2.1477024 1.2713458
0.3400000 -1.1978986 -0.3631476 -1.1437718 0.1230327 -0.3304438 0.2107083 1.0429437 -2.2135859 1.3322620
0.3600000 -1.1952290 -0.3702003 -1.1392909 0.1445071 -0.3752733 0.2379320 1.1000266 -2.2587613 1.3867717
0.3800000 -1.1921183 -0.3781586 -1.1342545 0.1670337 -0.4207943 0.2661792 1.1473449 -2.2824144 1.4342841
0.4000000 -1.1885476 -0.3870320 -1.1286437 0.1904009 -0.4665698 0.2953034 1.1832800 -2.2840441 1.4740900
0.4200000 -1.1845023 -0.3968214 -1.1224424 0.2143649 -0.5121561 0.3251428 1.2062795 -2.2634791 1.5053621
0.4400000 -1.1799730 -0.4075183 -1.1156380 0.2386521 -0.5571090 0.3555179 1.2149082 -2.2208957 1.5271700
0.4600000 -1.1749562 -0.4191057 -1.1082217 0.2629613 -0.6009919 0.3862296 1.2079017 -2.1568268 1.5385024
0.4800000 -1.1694546 -0.4315580 -1.1001888 0.2869682 -0.6433821 0.4170580 1.1842213 -2.0721601 1.5382963
0.5000000 -1.1634775 -0.4448410 -1.0915394 0.3103301 -0.6838783 0.4477614 1.1431072 -1.9681274 1.5254737
0.5200000 -1.1570414 -0.4589131 -1.0822783 0.3326924 -0.7221072 0.4780769 1.0841311 -1.8462857 1.4989862
0.5400000 -1.1501698 -0.4737253 -1.0724163 0.3536954 -0.7577297 0.5077209 1.0072434 -1.7084936 1.4578684
0.5600000 -1.1428936 -0.4892223 -1.0619695 0.3729822 -0.7904469 0.5363916 0.9128176 -1.5568861 1.4012998
0.5800000 -1.1352505 -0.5053432 -1.0509606 0.3902081 -0.8200052 0.5637729 0.8016871 -1.3938505 1.3286754
0.6000000 -1.1272852 -0.5220225 -1.0394186 0.4050497 -0.8462009 0.5895387 0.6751753 -1.2220082 1.2396852
0.6200000 -1.1190485 -0.5391912 -1.0273791 0.4172151 -0.8688855 0.6133603 0.5351181 -1.0442049 1.1344003
0.6400000 -1.1105966 -0.5567779 -1.0148842 0.4264544 -0.8879691 0.6349147 0.3838780 -0.8635143 1.0133671
0.6600000 -1.1019904 -0.5747100 -1.0019825 0.4325702 -0.9034261 0.6538950 0.2243452 -0.6832480 0.8777005
0.6800000 -1.0932938 -0.5929150 -0.9887284 0.4354282 -0.9152991 0.6700227 0.0599034 -0.5069304 0.7291400
0.7000000 -1.0845732 -0.6113219 -0.9751816 0.4349663 -0.9237033 0.6830606 -0.1056928 -0.3381365 0.5699925
0.7200000 -1.0758952 -0.6298631 -0.9614060 0.4312005 -0.9288245 0.6928224 -0.2685563 -0.1801335 0.4029095
0.7400000 -1.0673252 -0.6484749 -0.9474687 0.4242241 -0.9309086 0.6991769 -0.4249659 -0.0354367 0.2305770
0.7600000 -1.0589262 -0.6670994 -0.9334389 0.4142018 -0.9302420 0.7020455 -0.5716066 0.0945006 0.0554747
0.7800000 -1.0507571 -0.6856846 -0.9193869 0.4013598 -0.9271286 0.7013959 -0.7056944 0.2093571 -0.1202126
0.8000000 -1.0428718 -0.7041846 -0.9053830 0.3859741 -0.9218677 0.6972370 -0.8250145 0.3098357 -0.2945754
0.8200000 -1.0353182 -0.7225593 -0.8914974 0.3683592 -0.9147352 0.6896129 -0.9279237 0.3974873 -0.4659261
0.8400000 -1.0281374 -0.7407740 -0.8777985 0.3488571 -0.9059682 0.6785999 -1.0133393 0.4745131 -0.6327452
0.8600000 -1.0213639 -0.7587980 -0.8643534 0.3278257 -0.8957546 0.6643031 -1.0807180 0.5435614 -0.7936347
0.8800000 -1.0150244 -0.7766042 -0.8512264 0.3056284 -0.8842258 0.6468545 -1.1300251 0.6075196 -0.9472776
0.9000000 -1.0091387 -0.7941671 -0.8384792 0.2826247 -0.8714539 0.6264120 -1.1616928 0.6693079 -1.0924042
0.9200000 -1.0037194 -0.8114623 -0.8261699 0.2591607 -0.8574534 0.6031584 -1.1765692 0.7316773 -1.2277646
0.9400000 -0.9987723 -0.8284652 -0.8143529 0.2355619 -0.8421868 0.5773014 -1.1758582 0.7970166 -1.3521061
0.9600000 -0.9942970 -0.8451498 -0.8030779 0.2121264 -0.8255728 0.5490741 -1.1610511 0.8671700 -1.4641555
0.9800000 -0.9902873 -0.8614881 -0.7923899 0.1891198 -0.8075000 0.5187352 -1.1338529 0.9432698 -1.5626038
1.0000000 -0.9867322 -0.8774498 -0.7823285 0.1667722 -0.7878420 0.4865700 -1.0961039 1.0255920 -1.6460977
1.0200000 -0.9836164 -0.8930018 -0.7729271 0.1452757 -0.7664763 0.4528913 -1.0497051 1.1134751 -1.7132555
1.0400000 -0.9809211 -0.9081088 -0.7642128 0.1247840 -0.7433030 0.4180397 -0.9965573 1.2053844 -1.7627516
1.0600000 -0.9786250 -0.9227339 -0.7562055 0.1054134 -0.7182609 0.3823812 -0.9385196 1.2991709 -1.7934905
1.0800000 -0.9767046 -0.9368393 -0.7489176 0.0872433 -0.6913362 0.3463001 -0.8773764 1.3924319 -1.8048094
1.1000000 -0.9751353 -0.9503874 -0.7423535 0.0703183 -0.6625636 0.3101888 -0.8147934 1.4827920 -1.7966097
1.1200000 -0.9738919 -0.9633418 -0.7365100 0.0546515 -0.6320245 0.2744357 -0.7522556 1.5680153 -1.7693693
1.1400000 -0.9729492 -0.9756683 -0.7313761 0.0402281 -0.5998430 0.2394141 -0.6910017 1.6460027 -1.7240773
1.1600000 -0.9722827 -0.9873355 -0.7269334 0.0270115 -0.5661844 0.2054726 -0.6319661 1.7147555 -1.6621415
1.1800000 -0.9718688 -0.9983157 -0.7231572 0.0149495 -0.5312528 0.1729284 -0.5757378 1.7723429 -1.5852964
1.2000000 -0.9716848 -1.0085857 -0.7200163 0.0039819 -0.4952907 0.1420608 -0.5225353 1.8168822 -1.4955154
1.2200000 -0.9717095 -1.0181273 -0.7174747 -0.0059519 -0.4585775 0.1131078 -0.4721979 1.8465484 -1.3949327
1.2400000 -0.9719228 -1.0269288 -0.7154920 -0.0149060 -0.4214287 0.0862635 -0.4241936 1.8596570 -1.2857803
1.2600000 -0.9723057 -1.0349845 -0.7140242 -0.0229197 -0.3841912 0.0616766 -0.3776426 1.8548378 -1.1703424
1.2800000 -0.9728396 -1.0422964 -0.7130249 -0.0300117 -0.3472352 0.0394498 -0.3313540 1.8312411 -1.0509168
1.3000000 -0.9735062 -1.0488739 -0.7124462 -0.0361738 -0.3109416 0.0196399 -0.2838737 1.7886693 -0.9297693
1.3200000 -0.9742866 -1.0547341 -0.7122393 -0.0413666 -0.2756884 0.0022590 -0.2335428 1.7275896 -0.8090787
1.3400000 -0.9751609 -1.0599014 -0.7123558 -0.0455156 -0.2418380 -0.0127232 -0.1785649 1.6490668 -0.6908802
1.3600000 -0.9761072 -1.0644076 -0.7127483 -0.0485092 -0.2097258 -0.0253762 -0.1170822 1.5546683 -0.5770177
1.3800000 -0.9771012 -1.0682905 -0.7133709 -0.0501988 -0.1796513 -0.0358040 -0.0472602 1.4463682 -0.4691071
1.4000000 -0.9781152 -1.0715936 -0.7141804 -0.0503996 -0.1518710 -0.0441405 0.0326227 1.3264541 -0.3685095
1.4200000 -0.9791172 -1.0743653 -0.7151365 -0.0488939 -0.1265931 -0.0505443 0.1240805 1.1974397 -0.2763126
1.4400000 -0.9800709 -1.0766574 -0.7162022 -0.0454364 -0.1039734 -0.0551930 0.2283223 1.0619826 -0.1933186
1.4600000 -0.9809347 -1.0785242 -0.7173442 -0.0397610 -0.0841138 -0.0582771 0.3461537 0.9228110 -0.1200370
1.4800000 -0.9816614 -1.0800219 -0.7185333 -0.0315903 -0.0670610 -0.0599945 0.4778791 0.7826582 -0.0566803
1.5000000 -0.9821983 -1.0812067 -0.7197440 -0.0206459 -0.0528075 -0.0605443 0.6232071 0.6442064 -0.0031624
1.5200000 -0.9824872 -1.0821342 -0.7209551 -0.0066620 -0.0412927 -0.0601210 0.7811632 0.5100391 0.0408984
1.5400000 -0.9824648 -1.0828584 -0.7221489 0.0106007 -0.0324059 -0.0589084 0.9500174 0.3825954 0.0761605
1.5600000 -0.9820632 -1.0834304 -0.7233114 0.0313387 -0.0259889 -0.0570745 1.1272403 0.2641215 0.1035115
1.5800000 -0.9812112 -1.0838980 -0.7244318 0.0556903 -0.0218410 -0.0547679 1.3094994 0.1566176 0.1239886
1.6000000 -0.9798356 -1.0843041 -0.7255021 0.0837187 -0.0197242 -0.0521150 1.4926997 0.0617865 0.1386829
1.6200000 -0.9778625 -1.0846869 -0.7265164 0.1153983 -0.0193696 -0.0492206 1.6720708 -0.0190050 0.1486517
1.6400000 -0.9752196 -1.0850789 -0.7274709 0.1506015 -0.0204844 -0.0461689 1.8423028 -0.0847518 0.1548505
1.6600000 -0.9718384 -1.0855063 -0.7283632 0.1890904 -0.0227597 -0.0430266 1.9977409 -0.1348288 0.1580821
1.6800000 -0.9676560 -1.0859893 -0.7291920 0.2305112 -0.0258776 -0.0398456 2.1326410 -0.1690081 0.1589588
1.7000000 -0.9626179 -1.0865414 -0.7299570 0.2743960 -0.0295200 -0.0366682 2.2414777 -0.1874730 0.1578837
1.7200000 -0.9566802 -1.0871701 -0.7306587 0.3201703 -0.0333765 -0.0335303 2.3192743 -0.1908259 0.1550639
1.7400000 -0.9498111 -1.0878765 -0.7312982 0.3671670 -0.0371530 -0.0304656 2.3619176 -0.1800794 0.1505607
1.7600000 -0.9419935 -1.0886562 -0.7318773 0.4146470 -0.0405797 -0.0275079 2.3664366 -0.1566336 0.1443624
1.7800000 -0.9332253 -1.0894996 -0.7323985 0.4618244 -0.0434184 -0.0246912 2.3312373 -0.1222385 0.1364586
1.8000000 -0.9235205 -1.0903929 -0.7328650 0.5078965 -0.0454692 -0.0220495 2.2562669 -0.0789397 0.1268962
1.8200000 -0.9129094 -1.0913184 -0.7332805 0.5520751 -0.0465759 -0.0196153 2.1430546 -0.0290029 0.1158164
1.8400000 -0.9014375 -1.0922559 -0.7336496 0.5936187 -0.0466293 -0.0174169 1.9945918 0.0251883 0.1034694
1.8600000 -0.8891647 -1.0931836 -0.7339772 0.6318588 -0.0455684 -0.0154765 1.8150602 0.0812477 0.0902107
1.8800000 -0.8761632 -1.0940787 -0.7342687 0.6662211 -0.0433794 -0.0138084 1.6094546 0.1369038 0.0764781
1.9000000 -0.8625158 -1.0949188 -0.7345295 0.6962370 -0.0400923 -0.0124174 1.3831876 0.1900999 0.0627571
1.9200000 -0.8483137 -1.0956824 -0.7347654 0.7215486 -0.0357754 -0.0112982 1.1417625 0.2390665 0.0495411
1.9400000 -0.8336539 -1.0963498 -0.7349815 0.7419075 -0.0305296 -0.0104358 0.8905413 0.2823629 0.0372943
1.9600000 -0.8186374 -1.0969036 -0.7351828 0.7571702 -0.0244809 -0.0098064 0.6345777 0.3188928 0.0264198
1.9800000 -0.8033671 -1.0973290 -0.7353737 0.7672906 -0.0177739 -0.0093790 0.3784908 0.3479014 0.0172343
2.0000000 -0.7879458 -1.0976145 -0.7355579 0.7723099 -0.0105649 -0.0091170 0.1264014 0.3689571 0.0099525
2.0200000 -0.7724747 -1.0977516 -0.7357384 0.7723466 -0.0030156 -0.0089809 -0.1180698 0.3819212 0.0046787
2.0400000 -0.7570519 -1.0977351 -0.7359172 0.7675871 0.0047120 -0.0089299 -0.3517860 0.3869095 0.0014079
2.0600000 -0.7417712 -1.0975631 -0.7360956 0.7582752 0.0124608 -0.0089246 -0.5720920 0.3842499 0.0000335
2.0800000 -0.7267209 -1.0972367 -0.7362742 0.7447034 0.0200820 -0.0089285 -0.7768211 0.3744384 0.0003623
2.1000000 -0.7119830 -1.0967599 -0.7364527 0.7272023 0.0274383 -0.0089101 -0.9643160 0.3580951 0.0021337
2.1200000 -0.6976328 -1.0961392 -0.7366306 0.7061307 0.0344058 -0.0088432 -1.1334386 0.3359248 0.0050423
2.1400000 -0.6837378 -1.0953836 -0.7368065 0.6818648 0.0408753 -0.0087084 -1.2835015 0.3086863 0.0087588
2.1600000 -0.6703582 -1.0945042 -0.7369789 0.6547907 0.0467533 -0.0084928 -1.4141110 0.2771744 0.0129485
2.1800000 -0.6575462 -1.0935135 -0.7371462 0.6253004 0.0519623 -0.0081904 -1.5250315 0.2422039 0.0172877
2.2000000 -0.6453462 -1.0924257 -0.7373065 0.5937894 0.0564414 -0.0078013 -1.6161752 0.2045905 0.0214806
2.2200000 -0.6337946 -1.0912558 -0.7374582 0.5606534 0.0601459 -0.0073312 -1.6876812 0.1651312 0.0252740
2.2400000 -0.6229200 -1.0900198 -0.7375998 0.5262822 0.0630467 -0.0067904 -1.7399554 0.1245917 0.0284680
2.2600000 -0.6127433 -1.0887340 -0.7377298 0.4910551 0.0651296 -0.0061925 -1.7736065 0.0837083 0.0309199
2.2800000 -0.6032778 -1.0874147 -0.7378475 0.4553379 0.0663950 -0.0055536 -1.7893220 0.0431980 0.0325438
2.3000000 -0.5945298 -1.0860782 -0.7379520 0.4194823 0.0668575 -0.0048907 -1.7877615 0.0037678 0.0333073
2.3200000 -0.5864986 -1.0847404 -0.7380431 0.3838274 0.0665457 -0.0042213 -1.7695373 -0.0338884 0.0332253
2.3400000 -0.5791767 -1.0834163 -0.7381208 0.3487008 0.0655020 -0.0035617 -1.7353006 -0.0691107 0.0323538
2.3600000 -0.5725505 -1.0821203 -0.7381856 0.3144154 0.0637813 -0.0029271 -1.6858830 -0.1013048 0.0307810
2.3800000 -0.5666001 -1.0808651 -0.7382379 0.2812654 0.0614498 -0.0023305 -1.6223965 -0.1299679 0.0286188
2.4000000 -0.5612999 -1.0796623 -0.7382788 0.2495196 0.0585826 -0.0017824 -1.5462492 -0.1547024 0.0259936
2.4200000 -0.5566193 -1.0785218 -0.7383092 0.2194155 0.0552617 -0.0012907 -1.4591056 -0.1752190 0.0230381
2.4400000 -0.5525233 -1.0774518 -0.7383304 0.1911553 0.0515738 -0.0008608 -1.3628344 -0.1913385 0.0198838
2.4600000 -0.5489731 -1.0764588 -0.7383437 0.1649021 0.0476081 -0.0004954 -1.2594620 -0.2029937 0.0166549
2.4800000 -0.5459272 -1.0755475 -0.7383502 0.1407769 0.0434540 -0.0001946 -1.1511319 -0.2102329 0.0134642
2.5000000 -0.5433420 -1.0747207 -0.7383514 0.1188568 0.0391988 0.0000432 -1.0400643 -0.2132198 0.0104090
2.5200000 -0.5411729 -1.0739795 -0.7383485 0.0991743 0.0349253 0.0002217 -0.9285029 -0.2122285 0.0075702
2.5400000 -0.5393751 -1.0733237 -0.7383426 0.0817167 0.0307097 0.0003460 -0.8186379 -0.2076262 0.0050111
2.5600000 -0.5379043 -1.0727512 -0.7383347 0.0664288 0.0266202 0.0004222 -0.7125109 -0.1998456 0.0027776
2.5800000 -0.5367179 -1.0722589 -0.7383257 0.0532163 0.0227158 0.0004571 -0.3303122 -0.0976089 0.0008735
2.6000000 -0.5357756 -1.0718425 -0.7383164 0.0532163 0.0227158 0.0004571 -0.3303122 -0.0976089 0.0008735
