0.0000000 -1.2048429 -0.3367471 -1.1628872 0.0043557 0.0070656 0.0097423 -0.0117304 0.0492524 0.0027357
0.0200000 -1.2047497 -0.3366285 -1.1626912 0.0043557 0.0070656 0.0097423 -0.0117304 0.0492524 0.0027357
0.0400000 -1.2046687 -0.3364645 -1.1624975 0.0038865 0.0090357 0.0098517 -0.0144747 0.0796758 0.0192927
0.0600000 -1.2045943 -0.3362670 -1.1622971 0.0037767 0.0102526 0.0105140 0.0076758 0.0338884 0.0524647
0.0800000 -1.2045176 -0.3360543 -1.1620769 0.0041936 0.0103912 0.0119503 0.0384390 -0.0287471 0.0969335
0.1000000 -1.2044265 -0.3358514 -1.1618191 0.0053143 0.0091027 0.0143913 0.0781418 -0.1091289 0.1528994
0.1200000 -1.2043050 -0.3356902 -1.1615013 0.0073192 0.0060260 0.0180663 0.1267463 -0.2075813 0.2200252
0.1400000 -1.2041337 -0.3356103 -1.1610965 0.0103842 0.0007995 0.0231923 0.1838602 -0.3238337 0.2974661
0.1600000 -1.2038897 -0.3356583 -1.1605736 0.0146736 -0.0069273 0.0299649 0.2487534 -0.4570067 0.3839090
0.1800000 -1.2035468 -0.3358874 -1.1598979 0.0203343 -0.0174808 0.0385487 0.3203795 -0.6056079 0.4776225
0.2000000 -1.2030763 -0.3363575 -1.1590316 0.0274888 -0.0311516 0.0490698 0.3974074 -0.7675443 0.5765202
0.2200000 -1.2024472 -0.3371335 -1.1579351 0.0362306 -0.0481826 0.0616095 0.4782632 -0.9401543 0.6782423
0.2400000 -1.2016271 -0.3382848 -1.1565672 0.0466193 -0.0687578 0.0761995 0.5611875 -1.1202692 0.7802590
0.2600000 -1.2005825 -0.3398838 -1.1548871 0.0586781 -0.0929933 0.0928199 0.6443095 -1.3043081 0.8799983
0.2800000 -1.1992800 -0.3420045 -1.1528545 0.0723917 -0.1209301 0.1113994 0.7257343 -1.4884035 0.9749905
0.3000000 -1.1976868 -0.3447210 -1.1504311 0.0877075 -0.1525295 0.1318195 0.8036273 -1.6685426 1.0630073
0.3200000 -1.1957717 -0.3481057 -1.1475817 0.1045368 -0.1876718 0.1539197 0.8762816 -1.8407044 1.1421670
0.3400000 -1.1935053 -0.3522279 -1.1442743 0.1227587 -0.2261577 0.1775062 0.9421598 -2.0009852 1.2109983
0.3600000 -1.1908613 -0.3571520 -1.1404814 0.1422232 -0.2677112 0.2023597 0.9999138 -2.1457069 1.2684597
0.3800000 -1.1878164 -0.3629363 -1.1361799 0.1627553 -0.3119859 0.2282446 1.0483775 -2.2714989 1.3139119
0.4000000 -1.1843511 -0.3696315 -1.1313516 0.1841583 -0.3585712 0.2549161 1.0865420 -2.3753522 1.3470519
0.4200000 -1.1804501 -0.3772792 -1.1259833 0.2062170 -0.4070000 0.2821266 1.1135283 -2.4546674 1.3678363
0.4400000 -1.1761024 -0.3859115 -1.1200666 0.2286994 -0.4567579 0.3096296 1.1285777 -2.5073138 1.3764200
0.4600000 -1.1713021 -0.3955495 -1.1135981 0.2513601 -0.5072926 0.3371834 1.1310642 -2.5317090 1.3731220
0.4800000 -1.1660480 -0.4062032 -1.1065792 0.2739420 -0.5580262 0.3645545 1.1205292 -2.5269165 1.3584181
0.5000000 -1.1603444 -0.4178705 -1.0990159 0.2961812 -0.6083692 0.3915202 1.0967341 -2.4927547 1.3329559
0.5200000 -1.1542008 -0.4305379 -1.0909184 0.3178114 -0.6577364 0.4178727 1.0597115 -2.4298767 1.2975681
0.5400000 -1.1476320 -0.4441800 -1.0823010 0.3385697 -0.7055643 0.4434229 1.0097763 -2.3397428 1.2532341
0.5600000 -1.1406580 -0.4587605 -1.0731815 0.3582024 -0.7513261 0.4680021 0.9474703 -2.2244267 1.2009574
0.5800000 -1.1333039 -0.4742330 -1.0635809 0.3764685 -0.7945414 0.4914612 0.8734679 -2.0863286 1.1416006
0.6000000 -1.1255992 -0.4905422 -1.0535231 0.3931411 -0.8347793 0.5136661 0.7885144 -1.9279521 1.0757768
0.6200000 -1.1175782 -0.5076242 -1.0430343 0.4080091 -0.8716595 0.5344922 0.6934326 -1.7518355 1.0038475
0.6400000 -1.1092789 -0.5254085 -1.0321434 0.4208784 -0.9048527 0.5538200 0.5891782 -1.5605997 0.9260015
0.6600000 -1.1007431 -0.5438183 -1.0208815 0.4315762 -0.9340835 0.5715323 0.4769132 -1.3570481 0.8423697
0.6800000 -1.0920158 -0.5627719 -1.0092821 0.4399550 -0.9591346 0.5875148 0.3580753 -1.1442746 0.7531496
0.7000000 -1.0831449 -0.5821837 -0.9973809 0.4458992 -0.9798544 0.6016583 0.2344180 -0.9257276 0.6587043
0.7200000 -1.0741799 -0.6019661 -0.9852158 0.4493317 -0.9961637 0.6138630 0.1079718 -0.7051199 0.5595719
0.7400000 -1.0651716 -0.6220303 -0.9728264 0.4502181 -1.0080592 0.6240412 -0.0191058 -0.4861167 0.4563414
0.7600000 -1.0561711 -0.6422884 -0.9602541 0.4485675 -1.0156084 0.6321166 -0.1447364 -0.2719156 0.3494619
0.7800000 -1.0472289 -0.6626546 -0.9475417 0.4444286 -1.0189359 0.6380196 -0.2670776 -0.0649493 0.2391180
0.8000000 -1.0383940 -0.6830459 -0.9347333 0.4378844 -1.0182064 0.6416813 -0.3845745 0.1331736 0.1252416
0.8200000 -1.0297135 -0.7033829 -0.9218745 0.4290456 -1.0136089 0.6430293 -0.4959360 0.3215541 0.0076196
0.8400000 -1.0212322 -0.7235902 -0.9090122 0.4180469 -1.0053442 0.6419861 -0.6000844 0.4998237 -0.1139644
0.8600000 -1.0129917 -0.7435966 -0.8961950 0.4050423 -0.9936160 0.6384707 -0.6961018 0.6679514 -0.2395875
0.8800000 -1.0050305 -0.7633348 -0.8834733 0.3902028 -0.9786261 0.6324026 -0.7831782 0.8260499 -0.3690497
0.9000000 -0.9973835 -0.7827417 -0.8708989 0.3737151 -0.9605740 0.6237087 -0.8605613 0.9741815 -0.5017440
0.9200000 -0.9900819 -0.8017578 -0.8585250 0.3557804 -0.9396589 0.6123329 -0.9275123 1.1121758 -0.6365431
0.9400000 -0.9831523 -0.8203280 -0.8464056 0.3366147 -0.9160869 0.5982470 -0.9832844 1.2395032 -0.7717328
0.9600000 -0.9766173 -0.8384013 -0.8345951 0.3164490 -0.8900788 0.5814635 -1.0271565 1.3553009 -0.9050609
0.9800000 -0.9704944 -0.8559312 -0.8231471 0.2955284 -0.8618749 0.5620446 -1.0585416 1.4586073 -1.0339400
1.0000000 -0.9647961 -0.8728763 -0.8121133 0.2741074 -0.8317345 0.5401059 -1.0771275 1.5486986 -1.1557336
1.0200000 -0.9595301 -0.8892006 -0.8015428 0.2524433 -0.7999270 0.5158152 -1.0829723 1.6253222 -1.2679843
1.0400000 -0.9546984 -0.9048734 -0.7914807 0.2307885 -0.7667216 0.4893866 -1.0765205 1.6887296 -1.3685155
1.0600000 -0.9502985 -0.9198694 -0.7819674 0.2093825 -0.7323778 0.4610746 -1.0585631 1.7395727 -1.4554473
1.0800000 -0.9463231 -0.9341685 -0.7730377 0.1884459 -0.6971387 0.4311687 -1.0301801 1.7787624 -1.5271914
1.1000000 -0.9427607 -0.9477550 -0.7647206 0.1681753 -0.6612273 0.3999870 -0.9926797 1.8073361 -1.5824539
1.1200000 -0.9395961 -0.9606176 -0.7570382 0.1487388 -0.6248452 0.3678705 -0.9475380 1.8263431 -1.6202491
1.1400000 -0.9368111 -0.9727488 -0.7500058 0.1302738 -0.5881736 0.3351770 -0.8963369 1.8367463 -1.6399200
1.1600000 -0.9343852 -0.9841445 -0.7436312 0.1128853 -0.5513754 0.3022737 -0.8407008 1.8393437 -1.6411633
1.1800000 -0.9322957 -0.9948038 -0.7379148 0.0966457 -0.5145998 0.2695305 -0.7822319 1.8347077 -1.6240547
1.2000000 -0.9305193 -1.0047285 -0.7328499 0.0815960 -0.4779871 0.2373115 -0.7224437 1.8231437 -1.5890710
1.2200000 -0.9290319 -1.0139233 -0.7284224 0.0677480 -0.4416741 0.2059676 -0.6626950 1.8046678 -1.5371044
1.2400000 -0.9278094 -1.0223955 -0.7246112 0.0550882 -0.4058004 0.1758274 -0.6041251 1.7790032 -1.4694662
1.2600000 -0.9268284 -1.0301553 -0.7213893 0.0435830 -0.3705139 0.1471890 -0.5475935 1.7455952 -1.3878772
1.2800000 -0.9260661 -1.0372160 -0.7187237 0.0331845 -0.3359765 0.1203123 -0.4936264 1.7036467 -1.2944402
1.3000000 -0.9255010 -1.0435943 -0.7165768 0.0238379 -0.3023681 0.0954114 -0.4423766 1.6521902 -1.1915957
1.3200000 -0.9251126 -1.0493107 -0.7149072 0.0154894 -0.2698889 0.0726484 -0.3936047 1.5902268 -1.0820560
1.3400000 -0.9248814 -1.0543899 -0.7136709 0.0080937 -0.2387590 0.0521291 -0.3466910 1.5169491 -0.9687153
1.3600000 -0.9247888 -1.0588611 -0.7128221 0.0016218 -0.2092110 0.0338998 -0.3006812 1.4320000 -0.8545289
1.3800000 -0.9248165 -1.0627583 -0.7123149 -0.0039335 -0.1814790 0.0179480 -0.2543619 1.3356754 -0.7423665
1.4000000 -0.9249462 -1.0661203 -0.7121041 -0.0085527 -0.1557840 0.0042052 -0.2063505 1.2290012 -0.6348578
1.4200000 -0.9251586 -1.0689897 -0.7121467 -0.0121875 -0.1323189 -0.0074463 -0.1551858 1.1136794 -0.5342632
1.4400000 -0.9254337 -1.0714130 -0.7124020 -0.0147601 -0.1112368 -0.0171654 -0.0994121 0.9919481 -0.4423831
1.4600000 -0.9257491 -1.0734392 -0.7128333 -0.0161640 -0.0926410 -0.0251417 -0.0376656 0.8664244 -0.3605000
1.4800000 -0.9260802 -1.0751187 -0.7134077 -0.0162668 -0.0765798 -0.0315854 0.0312369 0.7399647 -0.2893514
1.5000000 -0.9263997 -1.0765024 -0.7140967 -0.0149146 -0.0630424 -0.0367157 0.1082214 0.6155293 -0.2291357
1.5200000 -0.9266768 -1.0776404 -0.7148763 -0.0119379 -0.0519586 -0.0407508 0.1939003 0.4960347 -0.1795551
1.5400000 -0.9268772 -1.0785807 -0.7157267 -0.0071585 -0.0432010 -0.0438979 0.2885330 0.3842044 -0.1398864
1.5600000 -0.9269632 -1.0793684 -0.7166322 -0.0003966 -0.0365905 -0.0463462 0.3919978 0.2824348 -0.1090669
1.5800000 -0.9268931 -1.0800443 -0.7175806 0.0085214 -0.0319037 -0.0482606 0.5037719 0.1926849 -0.0857886
1.6000000 -0.9266223 -1.0806445 -0.7185626 0.0197543 -0.0288831 -0.0497778 0.6229191 0.1163941 -0.0685943
1.6200000 -0.9261029 -1.0811996 -0.7195717 0.0334381 -0.0272479 -0.0510044 0.7480754 0.0544447 -0.0559622
1.6400000 -0.9252848 -1.0817345 -0.7206028 0.0496773 -0.0267053 -0.0520163 0.8774316 0.0071778 -0.0463736
1.6600000 -0.9241158 -1.0822679 -0.7216523 0.0685354 -0.0269608 -0.0528593 1.0087296 -0.0255616 -0.0383711
1.6800000 -0.9225434 -1.0828129 -0.7227172 0.0900265 -0.0277277 -0.0535511 1.1392978 -0.0443893 -0.0306252
1.7000000 -0.9205148 -1.0833770 -0.7237944 0.1141073 -0.0287363 -0.0540843 1.2661293 -0.0503608 -0.0220066
1.7200000 -0.9179791 -1.0839623 -0.7248806 0.1406717 -0.0297422 -0.0544314 1.3859821 -0.0449359 -0.0116466
1.7400000 -0.9148879 -1.0845667 -0.7259716 0.1695466 -0.0305338 -0.0545502 1.4954917 -0.0299119 0.0010270
1.7600000 -0.9111972 -1.0851837 -0.7270626 0.2004913 -0.0309387 -0.0543903 1.5913051 -0.0073393 0.0162710
1.7800000 -0.9068683 -1.0858042 -0.7281472 0.2331988 -0.0308274 -0.0538994 1.6702426 0.0205664 0.0340220
1.8000000 -0.9018692 -1.0864168 -0.7292185 0.2673010 -0.0301160 -0.0530294 1.7294664 0.0515167 0.0539098
1.8200000 -0.8961762 -1.0870088 -0.7302684 0.3023775 -0.0287667 -0.0517430 1.7666282 0.0832555 0.0753011
1.8400000 -0.8897741 -1.0875675 -0.7312883 0.3379662 -0.0267858 -0.0500174 1.7799836 0.1136697 0.0973691
1.8600000 -0.8826576 -1.0880803 -0.7322691 0.3735768 -0.0242199 -0.0478482 1.7684832 0.1408907 0.1191748
1.8800000 -0.8748311 -1.0885363 -0.7332022 0.4087055 -0.0211501 -0.0452504 1.7318375 0.1633704 0.1397468
1.9000000 -0.8663094 -1.0889263 -0.7340791 0.4428503 -0.0176851 -0.0422583 1.6705142 0.1799330 0.1581577
1.9200000 -0.8571171 -1.0892437 -0.7348925 0.4755261 -0.0139528 -0.0389241 1.5856363 0.1898028 0.1735968
1.9400000 -0.8472883 -1.0894844 -0.7356361 0.5062758 -0.0100930 -0.0353144 1.4788235 0.1926089 0.1854306
1.9600000 -0.8368660 -1.0896474 -0.7363051 0.5346790 -0.0062485 -0.0315069 1.3520769 0.1883694 0.1932382
1.9800000 -0.8259012 -1.0897343 -0.7368964 0.5603588 -0.0025582 -0.0275849 1.2077547 0.1774556 0.1968186
2.0000000 -0.8144517 -1.0897497 -0.7374085 0.5829892 0.0008498 -0.0236341 1.0485908 0.1605453 0.1961770
2.0200000 -0.8025816 -1.0897003 -0.7378417 0.6023025 0.0038636 -0.0197378 0.8776462 0.1385630 0.1915008
2.0400000 -0.7903596 -1.0895952 -0.7381980 0.6180950 0.0063923 -0.0159741 0.6981340 0.1126116 0.1831310
2.0600000 -0.7778578 -1.0894446 -0.7384807 0.6302278 0.0083681 -0.0124126 0.5131793 0.0838996 0.1715290
2.0800000 -0.7651505 -1.0892604 -0.7386945 0.6386222 0.0097483 -0.0091129 0.3256515 0.0536724 0.1572421
2.1000000 -0.7523129 -1.0890547 -0.7388452 0.6432539 0.0105150 -0.0061229 0.1381406 0.0231551 0.1408691
2.1200000 -0.7394203 -1.0888398 -0.7389394 0.6441478 0.0106745 -0.0034782 -0.0469614 -0.0064955 0.1230281
2.1400000 -0.7265470 -1.0886277 -0.7389843 0.6413754 0.0102552 -0.0012018 -0.2273431 -0.0342302 0.1043288
2.1600000 -0.7137653 -1.0884296 -0.7389875 0.6350541 0.0093053 0.0006950 -0.4006826 -0.0591407 0.0853500
2.1800000 -0.7011448 -1.0882555 -0.7389565 0.6253481 0.0078895 0.0022122 -0.5646551 -0.0804865 0.0666215
2.2000000 -0.6887514 -1.0881140 -0.7388990 0.6124679 0.0060858 0.0033599 -0.7170825 -0.0977156 0.0486104
2.2200000 -0.6766461 -1.0880121 -0.7388221 0.5966648 0.0039809 0.0041566 -0.8561532 -0.1104763 0.0317115
2.2400000 -0.6648848 -1.0879548 -0.7387327 0.5782218 0.0016667 0.0046283 -0.9805730 -0.1186178 0.0162422
2.2600000 -0.6535172 -1.0879454 -0.7386370 0.5574419 -0.0007638 0.0048063 -1.0895783 -0.1221803 0.0024428
2.2800000 -0.6425871 -1.0879854 -0.7385405 0.5346386 -0.0032205 0.0047260 -1.1828571 -0.1213757 -0.0095209
2.3000000 -0.6321317 -1.0880742 -0.7384480 0.5101276 -0.0056188 0.0044255 -1.2604459 -0.1165642 -0.0195518
2.3200000 -0.6221820 -1.0882101 -0.7383635 0.4842208 -0.0078830 0.0039440 -1.3226361 -0.1082262 -0.0276155
2.3400000 -0.6127629 -1.0883896 -0.7382902 0.4572222 -0.0099479 0.0033209 -1.3698955 -0.0969330 -0.0337329
2.3600000 -0.6038931 -1.0886080 -0.7382306 0.4294250 -0.0117604 0.0025946 -1.4028055 -0.0833159 -0.0379728
2.3800000 -0.5955859 -1.0888600 -0.7381864 0.4011100 -0.0132805 0.0018019 -1.4220134 -0.0680367 -0.0404441
2.4000000 -0.5878487 -1.0891393 -0.7381586 0.3725444 -0.0144818 0.0009769 -1.4282005 -0.0517590 -0.0412888
2.4200000 -0.5806841 -1.0894393 -0.7381474 0.3439819 -0.0153509 0.0001504 -1.4220635 -0.0351217 -0.0406751
2.4400000 -0.5740894 -1.0897533 -0.7381525 0.3156619 -0.0158867 -0.0006501 -1.4043074 -0.0187174 -0.0387904
2.4600000 -0.5680576 -1.0900747 -0.7381734 0.2878096 -0.0160996 -0.0014012 -1.3756501 -0.0030729 -0.0358351
2.4800000 -0.5625771 -1.0903973 -0.7382086 0.2606359 -0.0160096 -0.0020835 -1.3368336 0.0113642 -0.0320168
2.5000000 -0.5576322 -1.0907151 -0.7382567 0.2343363 -0.0156450 -0.0026819 -1.2886417 0.0242355 -0.0275450
2.5200000 -0.5532036 -1.0910231 -0.7383159 0.2090902 -0.0150402 -0.0031853 -1.2319208 0.0352764 -0.0226251
2.5400000 -0.5492686 -1.0913167 -0.7383841 0.1850595 -0.0142340 -0.0035869 -1.1676017 0.0443165 -0.0174543
2.5600000 -0.5458012 -1.0915924 -0.7384593 0.1623862 -0.0132675 -0.0038835 -1.0967197 0.0512769 -0.0122169
2.5800000 -0.5427731 -1.0918474 -0.7385395 0.1411907 -0.0121829 -0.0040756 -1.0204313 0.0561630 -0.0070798
2.6000000 -0.5401536 -1.0920797 -0.7386224 0.1215689 -0.0110210 -0.0041667 -0.9400186 0.0590554 -0.0021895
2.6200000 -0.5379104 -1.0922883 -0.7387061 0.1035899 -0.0098207 -0.0041632 -0.8568702 0.0600975 0.0023303
2.6400000 -0.5360100 -1.0924726 -0.7387889 0.0872941 -0.0086171 -0.0040735 -0.7724322 0.0594821 0.0063791
2.6600000 -0.5344186 -1.0926329 -0.7388691 0.0726926 -0.0074414 -0.0039080 -0.6881483 0.0574365 0.0098789
2.6800000 -0.5331023 -1.0927702 -0.7389452 0.0597682 -0.0063197 -0.0036783 -0.6054128 0.0542097 0.0127745
2.7000000 -0.5320279 -1.0928857 -0.7390162 0.0484761 -0.0052730 -0.0033970 -0.5255432 0.0500614 0.0150333
2.7200000 -0.5311632 -1.0929811 -0.7390811 0.0387464 -0.0043172 -0.0030770 -0.4497538 0.0452516 0.0166454
2.7400000 -0.5304780 -1.0930584 -0.7391393 0.0304860 -0.0034629 -0.0027312 -0.2065118 0.0213568 0.0086449
2.7600000 -0.5299438 -1.0931197 -0.7391903 0.0304860 -0.0034629 -0.0027312 -0.2065118 0.0213568 0.0086449
