0.0000000 -1.2030566 -0.3392630 -1.1673218 -0.0087873 0.0208994 -0.0140487 -0.0454311 0.0567986 0.0301771
0.0200000 -1.2032145 -0.3388705 -1.1676088 -0.0087873 0.0208994 -0.0140487 -0.0454311 0.0567986 0.0301771
0.0400000 -1.2034081 -0.3384271 -1.1678838 -0.0106046 0.0231714 -0.0128416 -0.0916116 0.0972131 0.0940926
0.0600000 -1.2036387 -0.3379436 -1.1681224 -0.0124518 0.0247880 -0.0102850 -0.0916201 0.0584619 0.1682471
0.0800000 -1.2039062 -0.3374355 -1.1682952 -0.0142694 0.0255099 -0.0061117 -0.0883309 0.0072083 0.2556970
0.1000000 -1.2042095 -0.3369232 -1.1683669 -0.0159850 0.0250763 -0.0000571 -0.0810951 -0.0575045 0.3560268
0.1200000 -1.2045456 -0.3364325 -1.1682975 -0.0175132 0.0232097 0.0081293 -0.0692527 -0.1363757 0.4682321
0.1400000 -1.2049100 -0.3359948 -1.1680417 -0.0187551 0.0196213 0.0186722 -0.0521732 -0.2297961 0.5907450
0.1600000 -1.2052958 -0.3356476 -1.1675506 -0.0196001 0.0140178 0.0317591 -0.0293018 -0.3378029 0.7214906
0.1800000 -1.2056940 -0.3354341 -1.1667714 -0.0199272 0.0061091 0.0475318 -0.0002076 -0.4600401 0.8579556
0.2000000 -1.2060929 -0.3354033 -1.1656493 -0.0196084 -0.0043838 0.0660774 0.0353699 -0.5957267 0.9972680
0.2200000 -1.2064783 -0.3356095 -1.1641283 -0.0185124 -0.0177199 0.0874225 0.0774771 -0.7436375 1.1362909
0.2400000 -1.2068334 -0.3361121 -1.1621524 -0.0165093 -0.0341293 0.1115290 0.1259068 -0.9021013 1.2717331
0.2600000 -1.2071387 -0.3369747 -1.1596671 -0.0134761 -0.0538040 0.1382918 0.1801687 -1.0690174 1.4002647
0.2800000 -1.2073724 -0.3382642 -1.1566207 -0.0093026 -0.0768900 0.1675396 0.2394724 -1.2418906 1.5186253
0.3000000 -1.2075108 -0.3400503 -1.1529655 -0.0038972 -0.1034796 0.1990368 0.3027256 -1.4178854 1.6237286
0.3200000 -1.2075283 -0.3424034 -1.1486593 0.0028065 -0.1336054 0.2324887 0.3685440 -1.5939014 1.7127718
0.3400000 -1.2073985 -0.3453945 -1.1436660 0.0108445 -0.1672357 0.2675477 0.4352758 -1.7666643 1.7833455
0.3600000 -1.2070946 -0.3490928 -1.1379573 0.0202175 -0.2042720 0.3038225 0.5010391 -1.9328184 1.8335176
0.3800000 -1.2065898 -0.3535653 -1.1315131 0.0308861 -0.2445484 0.3408884 0.5637761 -2.0890081 1.8618702
0.4000000 -1.2058591 -0.3588748 -1.1243218 0.0427685 -0.2878323 0.3782974 0.6213218 -2.2319573 1.8675060
0.4200000 -1.2048791 -0.3650786 -1.1163812 0.0557390 -0.3338267 0.4155887 0.6714822 -2.3585592 1.8500600
0.4400000 -1.2036296 -0.3722278 -1.1076983 0.0696278 -0.3821747 0.4522998 0.7121192 -2.4659629 1.8097037
0.4600000 -1.2020940 -0.3803656 -1.0982892 0.0842237 -0.4324652 0.4879768 0.7412383 -2.5516274 1.7471012
0.4800000 -1.2002606 -0.3895265 -1.0881792 0.0992774 -0.4842398 0.5221838 0.7570799 -2.6133572 1.6633338
0.5000000 -1.1981229 -0.3997352 -1.0774019 0.1145069 -0.5369995 0.5545102 0.7582130 -2.6493572 1.5598503
0.5200000 -1.1956803 -0.4110064 -1.0659988 0.1296059 -0.5902140 0.5845778 0.7436196 -2.6582897 1.4384350
0.5400000 -1.1929387 -0.4233438 -1.0540187 0.1442517 -0.6433311 0.6120476 0.7127626 -2.6392872 1.3011384
0.5600000 -1.1899103 -0.4367397 -1.0415169 0.1581164 -0.6957855 0.6366233 0.6656361 -2.5919364 1.1501829
0.5800000 -1.1866140 -0.4511752 -1.0285538 0.1708772 -0.7470085 0.6580549 0.6028072 -2.5163036 0.9879186
0.6000000 -1.1830752 -0.4666200 -1.0151947 0.1822287 -0.7964377 0.6761401 0.5254384 -2.4129875 0.8168236
0.6200000 -1.1793249 -0.4830327 -1.0015082 0.1918947 -0.8435280 0.6907278 0.4352714 -2.2831223 0.6394751
0.6400000 -1.1753994 -0.5003611 -0.9875656 0.1996395 -0.8877626 0.7017191 0.3345685 -2.1283178 0.4584718
0.6600000 -1.1713393 -0.5185432 -0.9734394 0.2052774 -0.9286607 0.7090667 0.2260241 -1.9505837 0.2763524
0.6800000 -1.1671883 -0.5375076 -0.9592029 0.2086805 -0.9657859 0.7127732 0.1126493 -1.7522547 0.0955286
0.7000000 -1.1629921 -0.5571746 -0.9449285 0.2097834 -0.9987509 0.7128878 -0.0023632 -1.5359225 -0.0817684
0.7200000 -1.1587969 -0.5774576 -0.9306874 0.2085859 -1.0272228 0.7095025 -0.1157821 -1.3043907 -0.2535155
0.7400000 -1.1546486 -0.5982636 -0.9165484 0.2051521 -1.0509266 0.7027472 -0.2244822 -1.0606459 -0.4179064
0.7600000 -1.1505909 -0.6194947 -0.9025775 0.1996067 -1.0696486 0.6927862 -0.3255851 -0.8078394 -0.5733472
0.7800000 -1.1466644 -0.6410495 -0.8888370 0.1921287 -1.0832401 0.6798133 -0.4165832 -0.5492845 -0.7184368
0.8000000 -1.1429057 -0.6628243 -0.8753850 0.1829433 -1.0916200 0.6640487 -0.4954474 -0.2884197 -0.8519592
0.8200000 -1.1393466 -0.6847143 -0.8622750 0.1723108 -1.0947769 0.6457350 -0.5607227 -0.0286775 -0.9729271
0.8400000 -1.1360133 -0.7066154 -0.8495556 0.1605144 -1.0927671 0.6251316 -0.6116003 0.2267062 -1.0806551
0.8600000 -1.1329260 -0.7284250 -0.8372698 0.1478468 -1.0857087 0.6025088 -0.6479430 0.4748303 -1.1747969
0.8800000 -1.1300994 -0.7500437 -0.8254552 0.1345967 -1.0737739 0.5781398 -0.6702563 0.7131778 -1.2553264
0.9000000 -1.1275422 -0.7713759 -0.8141442 0.1210366 -1.0571816 0.5522957 -0.6796178 0.9396332 -1.3224968
0.9200000 -1.1252579 -0.7923310 -0.8033634 0.1074120 -1.0361886 0.5252399 -0.6775801 1.1524782 -1.3767925
0.9400000 -1.1232457 -0.8128235 -0.7931346 0.0939334 -1.0110824 0.4972240 -0.6660518 1.3503116 -1.4188485
0.9600000 -1.1215006 -0.8327743 -0.7834744 0.0807699 -0.9821761 0.4684860 -0.6471626 1.5319312 -1.4493565
0.9800000 -1.1200149 -0.8521105 -0.7743951 0.0680469 -0.9498052 0.4392497 -0.6231258 1.6963049 -1.4690192
1.0000000 -1.1187787 -0.8707665 -0.7659044 0.0558449 -0.9143239 0.4097252 -0.5961069 1.8426266 -1.4785571
1.0200000 -1.1177811 -0.8886835 -0.7580061 0.0442026 -0.8761001 0.3801075 -0.5681010 1.9703117 -1.4786963
1.0400000 -1.1170106 -0.9058105 -0.7507001 0.0331209 -0.8355115 0.3505773 -0.5408190 2.0788770 -1.4701098
1.0600000 -1.1164563 -0.9221039 -0.7439830 0.0225698 -0.7929450 0.3213031 -0.5155895 2.1678470 -1.4533734
1.0800000 -1.1161078 -0.9375283 -0.7378480 0.0124973 -0.7487976 0.2924424 -0.4932775 2.2368210 -1.4289940
1.1000000 -1.1159564 -0.9520558 -0.7322853 0.0028387 -0.7034722 0.2641433 -0.4742257 2.2856544 -1.3974902
1.1200000 -1.1159943 -0.9656672 -0.7272823 -0.0064718 -0.6573714 0.2365428 -0.4582153 2.3145802 -1.3594507
1.1400000 -1.1162153 -0.9783507 -0.7228236 -0.0154899 -0.6108890 0.2097653 -0.4444503 2.3241852 -1.3155346
1.1600000 -1.1166139 -0.9901027 -0.7188917 -0.0242498 -0.5644040 0.1839214 -0.4315624 2.3152926 -1.2664353
1.1800000 -1.1171852 -1.0009269 -0.7154668 -0.0327524 -0.5182773 0.1591079 -0.4176401 2.2888325 -1.2128401
1.2000000 -1.1179240 -1.0108338 -0.7125274 -0.0409554 -0.4728507 0.1354078 -0.4002788 2.2457355 -1.1554006
1.2200000 -1.1188235 -1.0198409 -0.7100505 -0.0487635 -0.4284479 0.1128918 -0.3766542 2.1868540 -1.0947144
1.2400000 -1.1198745 -1.0279717 -0.7080117 -0.0560215 -0.3853765 0.0916192 -0.3436184 2.1129261 -1.0313188
1.2600000 -1.1210643 -1.0352560 -0.7063857 -0.0625083 -0.3439308 0.0716391 -0.2978188 2.0246125 -0.9657019
1.2800000 -1.1223749 -1.0417290 -0.7051461 -0.0679343 -0.3043920 0.0529911 -0.2358407 1.9226198 -0.8983314
1.3000000 -1.1237817 -1.0474316 -0.7042660 -0.0719419 -0.2670260 0.0357058 -0.1543691 1.8078585 -0.8296877
1.3200000 -1.1252525 -1.0524100 -0.7037179 -0.0741091 -0.2320777 0.0198036 -0.0503671 1.6815481 -0.7602815
1.3400000 -1.1267461 -1.0567147 -0.7034739 -0.0739566 -0.1997641 0.0052946 0.0787373 1.5452325 -0.6906507
1.3600000 -1.1282108 -1.0604006 -0.7035061 -0.0709596 -0.1702684 -0.0078224 0.2348577 1.4007356 -0.6213449
1.3800000 -1.1295844 -1.0635255 -0.7037868 -0.0645623 -0.1437347 -0.0195592 0.4190553 1.2501017 -0.5529080
1.4000000 -1.1307933 -1.0661500 -0.7042885 -0.0541974 -0.1202643 -0.0299387 0.6313495 1.0955374 -0.4858629
1.4200000 -1.1317523 -1.0683361 -0.7049843 -0.0393083 -0.0999132 -0.0389937 0.8705434 0.9393591 -0.4206999
1.4400000 -1.1323656 -1.0701465 -0.7058482 -0.0193756 -0.0826900 -0.0467667 1.1340697 0.7839440 -0.3578659
1.4600000 -1.1325274 -1.0716436 -0.7068550 0.0060545 -0.0685554 -0.0533084 1.4178721 0.6316853 -0.2977569
1.4800000 -1.1321234 -1.0728887 -0.7079806 0.0373393 -0.0574226 -0.0586770 1.7163290 0.4849500 -0.2407115
1.5000000 -1.1310338 -1.0739406 -0.7092021 0.0747076 -0.0491574 -0.0629368 2.0222346 0.3460386 -0.1870065
1.5200000 -1.1291351 -1.0748550 -0.7104980 0.1182287 -0.0435810 -0.0661572 2.3268490 0.2171472 -0.1368534
1.5400000 -1.1263046 -1.0756838 -0.7118484 0.1677816 -0.0404715 -0.0684110 2.6200298 0.1003290 -0.0903971
1.5600000 -1.1224239 -1.0764739 -0.7132345 0.2230298 -0.0395679 -0.0697731 2.8904582 -0.0025435 -0.0477160
1.5800000 -1.1173834 -1.0772665 -0.7146393 0.2833999 -0.0405733 -0.0703196 3.1259720 -0.0898192 -0.0088245
1.6000000 -1.1110879 -1.0780968 -0.7160473 0.3480687 -0.0431606 -0.0701261 3.3140162 -0.1601102 0.0263226
1.6200000 -1.1034607 -1.0789929 -0.7174443 0.4159606 -0.0469777 -0.0692667 3.4422202 -0.2123386 0.0578222
1.6400000 -1.0944495 -1.0799759 -0.7188179 0.4857575 -0.0516542 -0.0678132 3.4991109 -0.2457875 0.0858118
1.6600000 -1.0840304 -1.0810591 -0.7201569 0.5559250 -0.0568092 -0.0658342 3.4749651 -0.2601578 0.1104543
1.6800000 -1.0722125 -1.0822483 -0.7214513 0.6247561 -0.0620605 -0.0633950 3.3628032 -0.2556314 0.1319189
1.7000000 -1.0590401 -1.0835415 -0.7226927 0.6904371 -0.0670345 -0.0605575 3.1595245 -0.2329409 0.1503564
1.7200000 -1.0445950 -1.0849296 -0.7238736 0.7511371 -0.0713781 -0.0573808 2.8671771 -0.1934465 0.1658707
1.7400000 -1.0289947 -1.0863966 -0.7249879 0.8051242 -0.0747723 -0.0539227 2.4942722 -0.1392108 0.1784868
1.7600000 -1.0123900 -1.0879205 -0.7260305 0.8509080 -0.0769465 -0.0502413 2.0566391 -0.0730288 0.1881309
1.7800000 -0.9949583 -1.0894745 -0.7269976 0.8873898 -0.0776935 -0.0463974 1.5767146 0.0016859 0.1946495
1.8000000 -0.9768944 -1.0910283 -0.7278864 0.9139766 -0.0768791 -0.0424553 1.0805121 0.0812185 0.1978858
1.8200000 -0.9583993 -1.0925497 -0.7286958 0.9306103 -0.0744447 -0.0384820 0.5932676 0.1619771 0.1977805
1.8400000 -0.9396700 -1.0940061 -0.7294257 0.9377073 -0.0704000 -0.0345441 0.1359576 0.2408200 0.1944372
1.8600000 -0.9208910 -1.0953657 -0.7300775 0.9360486 -0.0648119 -0.0307045 -0.2761259 0.3151854 0.1881245
1.8800000 -0.9022281 -1.0965985 -0.7306539 0.9266623 -0.0577926 -0.0270191 -0.6332836 0.3830772 0.1792386
1.9000000 -0.8838245 -1.0976774 -0.7311583 0.9107172 -0.0494888 -0.0235350 -0.9307515 0.4430033 0.1682570
1.9200000 -0.8657994 -1.0985781 -0.7315953 0.8894322 -0.0400725 -0.0202889 -1.1678747 0.4939052 0.1556957
1.9400000 -0.8482472 -1.0992803 -0.7319699 0.8640022 -0.0297326 -0.0173071 -1.3471577 0.5350886 0.1420725
1.9600000 -0.8312393 -1.0997674 -0.7322876 0.8355459 -0.0186689 -0.0146059 -1.4732817 0.5661600 0.1278750
1.9800000 -0.8148254 -1.1000270 -0.7325541 0.8050710 -0.0070862 -0.0121921 -1.5522573 0.5869742 0.1135377
2.0000000 -0.7990364 -1.1000508 -0.7327752 0.7734556 0.0048100 -0.0100644 -1.5907998 0.5975953 0.0994281
2.0200000 -0.7838872 -1.0998346 -0.7329567 0.7414390 0.0168176 -0.0082150 -1.5958859 0.5982679 0.0858401
2.0400000 -0.7693789 -1.0993781 -0.7331038 0.7096202 0.0287408 -0.0066308 -1.5744169 0.5893939 0.0729931
2.0600000 -0.7555023 -1.0986850 -0.7332219 0.6784623 0.0403933 -0.0052953 -1.5329531 0.5715124 0.0610349
2.0800000 -0.7422404 -1.0977624 -0.7333156 0.6483020 0.0516013 -0.0041894 -1.4775115 0.5452834 0.0500480
2.1000000 -0.7295703 -1.0966209 -0.7333895 0.6193619 0.0622047 -0.0032934 -1.4134217 0.5114716 0.0400580
2.1200000 -0.7174659 -1.0952742 -0.7334474 0.5917652 0.0720601 -0.0025871 -1.3452346 0.4709329 0.0310442
2.1400000 -0.7058997 -1.0937385 -0.7334930 0.5655525 0.0810420 -0.0020516 -1.2766785 0.4246001 0.0229502
2.1600000 -0.6948438 -1.0920325 -0.7335294 0.5406980 0.0890441 -0.0016691 -1.2106555 0.3734692 0.0156959
2.1800000 -0.6842717 -1.0901768 -0.7335597 0.5171262 0.0959808 -0.0014238 -1.1492730 0.3185840 0.0091880
2.2000000 -0.6741588 -1.0881933 -0.7335864 0.4947271 0.1017875 -0.0013016 -1.0939028 0.2610207 0.0033305
2.2200000 -0.6644827 -1.0861053 -0.7336118 0.4733701 0.1064216 -0.0012905 -1.0452623 0.2018697 -0.0019663
2.2400000 -0.6552240 -1.0839364 -0.7336380 0.4529166 0.1098623 -0.0013802 -1.0035122 0.1422168 -0.0067789
2.2600000 -0.6463660 -1.0817108 -0.7336670 0.4332296 0.1121103 -0.0015617 -0.9683657 0.0831216 -0.0111649
2.2800000 -0.6378948 -1.0794520 -0.7337005 0.4141820 0.1131871 -0.0018268 -0.9392041 0.0255955 -0.0151596
2.3000000 -0.6297987 -1.0771833 -0.7337401 0.3956615 0.1131341 -0.0021681 -0.9151950 -0.0294231 -0.0187750
2.3200000 -0.6220683 -1.0749267 -0.7337872 0.3775742 0.1120102 -0.0025778 -0.8954093 -0.0810933 -0.0219995
2.3400000 -0.6146957 -1.0727029 -0.7338432 0.3598451 0.1098903 -0.0030481 -0.8789349 -0.1286976 -0.0248010
2.3600000 -0.6076745 -1.0705311 -0.7339091 0.3424168 0.1068623 -0.0035699 -0.8649800 -0.1716656 -0.0271299
2.3800000 -0.6009991 -1.0684284 -0.7339860 0.3252459 0.1030237 -0.0041333 -0.8529469 -0.2095909 -0.0289240
2.4000000 -0.5946647 -1.0664101 -0.7340745 0.3082989 0.0984787 -0.0047268 -0.8424359 -0.2422267 -0.0301147
2.4200000 -0.5886671 -1.0644893 -0.7341751 0.2915485 0.0933347 -0.0053378 -0.8331566 -0.2694532 -0.0306331
2.4400000 -0.5830027 -1.0626767 -0.7342880 0.2749726 0.0877005 -0.0059522 -0.8247958 -0.2912321 -0.0304175
2.4600000 -0.5776682 -1.0609812 -0.7344131 0.2585566 0.0816854 -0.0065545 -0.8169288 -0.3075748 -0.0294205
2.4800000 -0.5726605 -1.0594093 -0.7345502 0.2422955 0.0753976 -0.0071290 -0.8090157 -0.3185371 -0.0276146
2.5000000 -0.5679764 -1.0579653 -0.7346983 0.2261960 0.0689439 -0.0076591 -0.8004505 -0.3242302 -0.0249973
2.5200000 -0.5636126 -1.0566516 -0.7348565 0.2102775 0.0624283 -0.0081289 -0.7906211 -0.3248351 -0.0215942
2.5400000 -0.5595653 -1.0554682 -0.7350235 0.1945712 0.0559505 -0.0085229 -0.7789583 -0.3206120 -0.0174604
2.5600000 -0.5558298 -1.0544135 -0.7351974 0.1791191 0.0496039 -0.0088273 -0.7649735 -0.3119053 -0.0126810
2.5800000 -0.5524005 -1.0534840 -0.7353765 0.1639722 0.0434743 -0.0090301 -0.7482841 -0.2991430 -0.0073693
2.6000000 -0.5492709 -1.0526746 -0.7355586 0.1491878 0.0376381 -0.0091221 -0.7286286 -0.2828312 -0.0016637
2.6200000 -0.5464330 -1.0519785 -0.7357414 0.1348271 0.0321610 -0.0090967 -0.7058716 -0.2635441 0.0042767
2.6400000 -0.5438778 -1.0513881 -0.7359225 0.1209529 0.0270964 -0.0089510 -0.6800001 -0.2419105 0.0102771
2.6600000 -0.5415949 -1.0508947 -0.7360995 0.1076271 0.0224846 -0.0086856 -0.6511126 -0.2185965 0.0161529
2.6800000 -0.5395727 -1.0504887 -0.7362699 0.0949084 0.0183525 -0.0083049 -0.6194012 -0.1942860 0.0217159
2.7000000 -0.5377986 -1.0501606 -0.7364317 0.0828510 0.0147132 -0.0078170 -0.5851290 -0.1696598 0.0267805
2.7200000 -0.5362587 -1.0499002 -0.7365826 0.0715033 0.0115661 -0.0072337 -0.5486026 -0.1453728 0.0311696
2.7400000 -0.5349384 -1.0496979 -0.7367210 0.0609069 0.0088983 -0.0065702 -0.2649080 -0.0666969 0.0165869
2.7600000 -0.5338224 -1.0495443 -0.7368454 0.0609069 0.0088983 -0.0065702 -0.2649080 -0.0666969 0.0165869
