0.0000000 -1.2030616 -0.3382591 -1.1666396 -0.0089644 0.0335930 -0.0217250 -0.0288006 0.0219262 0.0104036
0.0200000 -1.2032292 -0.3376009 -1.1670727 -0.0089644 0.0335930 -0.0217250 -0.0288006 0.0219262 0.0104036
0.0400000 -1.2034201 -0.3369154 -1.1675086 -0.0101164 0.0344700 -0.0213089 -0.0561365 0.0162511 0.0511330
0.0600000 -1.2036338 -0.3362221 -1.1679251 -0.0112099 0.0342430 -0.0196797 -0.0516642 -0.0452239 0.1170667
0.0800000 -1.2038685 -0.3355457 -1.1682958 -0.0121830 0.0326611 -0.0166262 -0.0438631 -0.1194864 0.1934947
0.1000000 -1.2041211 -0.3349157 -1.1685901 -0.0129644 0.0294636 -0.0119399 -0.0322733 -0.2068415 0.2801178
0.1200000 -1.2043871 -0.3343671 -1.1687734 -0.0134739 0.0243874 -0.0054215 -0.0164978 -0.3072103 0.3763057
0.1400000 -1.2046601 -0.3339402 -1.1688070 -0.0136243 0.0171752 0.0031123 0.0037776 -0.4201000 0.4810848
0.1600000 -1.2049321 -0.3336801 -1.1686489 -0.0133228 0.0075834 0.0138219 0.0287678 -0.5446016 0.5931426
0.1800000 -1.2051930 -0.3336369 -1.1682541 -0.0124736 -0.0046089 0.0268380 0.0585747 -0.6794020 0.7108404
0.2000000 -1.2054310 -0.3338645 -1.1675754 -0.0109799 -0.0195927 0.0422555 0.0931734 -0.8227994 0.8322292
0.2200000 -1.2056322 -0.3344206 -1.1665639 -0.0087467 -0.0375209 0.0601272 0.1323996 -0.9727223 0.9550731
0.2400000 -1.2057809 -0.3353653 -1.1651703 -0.0056839 -0.0585016 0.0804584 0.1759358 -1.1267608 1.0768912
0.2600000 -1.2058596 -0.3367606 -1.1633456 -0.0017092 -0.0825913 0.1032028 0.2232996 -1.2822206 1.1950286
0.2800000 -1.2058493 -0.3386690 -1.1610422 0.0032481 -0.1097904 0.1282596 0.2738369 -1.4362041 1.3067560
0.3000000 -1.2057296 -0.3411522 -1.1582152 0.0092442 -0.1400395 0.1554731 0.3267218 -1.5857169 1.4093876
0.3200000 -1.2054795 -0.3442705 -1.1548233 0.0163170 -0.1732191 0.1846351 0.3809654 -1.7277886 1.5004033
0.3400000 -1.2050770 -0.3480810 -1.1508298 0.0244829 -0.2091510 0.2154892 0.4354343 -1.8596007 1.5775661
0.3600000 -1.2045002 -0.3526366 -1.1462037 0.0337344 -0.2476031 0.2477377 0.4888782 -1.9786175 1.6390329
0.3800000 -1.2037276 -0.3579851 -1.1409203 0.0440380 -0.2882957 0.2810505 0.5399633 -2.0827013 1.6834456
0.4000000 -1.2027387 -0.3641684 -1.1349617 0.0553329 -0.3309111 0.3150755 0.5873074 -2.1701768 1.7099687
0.4200000 -1.2015143 -0.3712216 -1.1283172 0.0675303 -0.3751028 0.3494493 0.6295123 -2.2398110 1.7182431
0.4400000 -1.2000374 -0.3791725 -1.1209837 0.0805134 -0.4205036 0.3838053 0.6651938 -2.2907322 1.7082829
0.4600000 -1.1982937 -0.3880417 -1.1129650 0.0941380 -0.4667321 0.4177806 0.6930141 -2.3223500 1.6803784
0.4800000 -1.1962719 -0.3978418 -1.1042725 0.1082340 -0.5133976 0.4510204 0.7117207 -2.3343189 1.6350462
0.5000000 -1.1939644 -0.4085776 -1.0949242 0.1226069 -0.5601048 0.4831824 0.7201884 -2.3265320 1.5730135
0.5200000 -1.1913676 -0.4202460 -1.0849452 0.1370415 -0.6064589 0.5139409 0.7174624 -2.2991206 1.4952103
0.5400000 -1.1884827 -0.4328360 -1.0743666 0.1513054 -0.6520697 0.5429908 0.7027973 -2.2524473 1.4027565
0.5600000 -1.1853154 -0.4463288 -1.0632255 0.1651534 -0.6965568 0.5700512 0.6756924 -2.1870909 1.2969427
0.5800000 -1.1818766 -0.4606982 -1.0515645 0.1783331 -0.7395533 0.5948685 0.6359194 -2.1038251 1.1792053
0.6000000 -1.1781821 -0.4759109 -1.0394308 0.1905902 -0.7807098 0.6172194 0.5835433 -2.0035926 1.0510970
0.6200000 -1.1742530 -0.4919266 -1.0268758 0.2016748 -0.8196970 0.6369124 0.5189337 -1.8874765 0.9142540
0.6400000 -1.1701151 -0.5086988 -1.0139543 0.2113475 -0.8562088 0.6537896 0.4427664 -1.7566707 0.7703616
0.6600000 -1.1657991 -0.5261750 -1.0007242 0.2193854 -0.8899638 0.6677269 0.3560160 -1.6124523 0.6211192
0.6800000 -1.1613397 -0.5442974 -0.9872452 0.2255881 -0.9207069 0.6786343 0.2599381 -1.4561557 0.4682060
0.7000000 -1.1567756 -0.5630033 -0.9735788 0.2297830 -0.9482101 0.6864551 0.1560430 -1.2891520 0.3132502
0.7200000 -1.1521484 -0.5822258 -0.9597870 0.2318299 -0.9722730 0.6911644 0.0460617 -1.1128326 0.1578007
0.7400000 -1.1475024 -0.6018942 -0.9459322 0.2316254 -0.9927234 0.6927672 -0.0680948 -0.9285986 0.0033045
0.7600000 -1.1428834 -0.6219347 -0.9320763 0.2291061 -1.0094169 0.6912965 -0.1843807 -0.7378555 -0.1489106
0.7800000 -1.1383381 -0.6422709 -0.9182804 0.2242502 -1.0222376 0.6868107 -0.3006640 -0.5420123 -0.2976468
0.8000000 -1.1339134 -0.6628242 -0.9046039 0.2170795 -1.0310974 0.6793907 -0.4147758 -0.3424845 -0.4418409
0.8200000 -1.1296549 -0.6835147 -0.8911047 0.2076592 -1.0359370 0.6691371 -0.5245595 -0.1407000 -0.5805625
0.8400000 -1.1256070 -0.7042617 -0.8778384 0.1960971 -1.0367254 0.6561682 -0.6279174 0.0618952 -0.7130064
0.8600000 -1.1218111 -0.7249838 -0.8648580 0.1825425 -1.0334612 0.6406168 -0.7228536 0.2638303 -0.8384795
0.8800000 -1.1183053 -0.7456001 -0.8522138 0.1671830 -1.0261722 0.6226290 -0.8075118 0.4636061 -0.9563855
0.9000000 -1.1151237 -0.7660307 -0.8399529 0.1502420 -1.0149169 0.6023614 -0.8802078 0.6596940 -1.0662053
0.9200000 -1.1122956 -0.7861968 -0.8281193 0.1319747 -0.9997844 0.5799808 -0.9394545 0.8505397 -1.1674783
0.9400000 -1.1098447 -0.8060220 -0.8167536 0.1126638 -0.9808953 0.5556623 -0.9839809 1.0345706 -1.2597838
0.9600000 -1.1077891 -0.8254326 -0.8058928 0.0926154 -0.9584016 0.5295894 -1.0127434 1.2102097 -1.3427246
0.9800000 -1.1061401 -0.8443581 -0.7955700 0.0721541 -0.9324869 0.5019533 -1.0249319 1.3758928 -1.4159149
1.0000000 -1.1049029 -0.8627321 -0.7858147 0.0516182 -0.9033659 0.4729528 -1.0199685 1.5300919 -1.4789727
1.0200000 -1.1040754 -0.8804927 -0.7766519 0.0313553 -0.8712833 0.4427944 -0.9975026 1.6713406 -1.5315179
1.0400000 -1.1036487 -0.8975834 -0.7681029 0.0117181 -0.8365123 0.4116921 -0.9574014 1.7982630 -1.5731762
1.0600000 -1.1036067 -0.9139532 -0.7601843 -0.0069407 -0.7993527 0.3798674 -0.8997380 1.9096041 -1.6035892
1.0800000 -1.1039263 -0.9295575 -0.7529082 -0.0242715 -0.7601281 0.3475485 -0.8247786 2.0042599 -1.6224297
1.1000000 -1.1045775 -0.9443583 -0.7462823 -0.0399319 -0.7191823 0.3149702 -0.7329693 2.0813059 -1.6294219
1.1200000 -1.1055236 -0.9583248 -0.7403094 -0.0535902 -0.6768759 0.2823717 -0.6249258 2.1400243 -1.6243644
1.1400000 -1.1067211 -0.9714334 -0.7349874 -0.0649289 -0.6335814 0.2499956 -0.5014247 2.1799260 -1.6071557
1.1600000 -1.1081207 -0.9836681 -0.7303096 -0.0736472 -0.5896788 0.2180854 -0.3634004 2.2007686 -1.5778200
1.1800000 -1.1096670 -0.9950205 -0.7262640 -0.0794649 -0.5455506 0.1868828 -0.2119459 2.2025692 -1.5365307
1.2000000 -1.1112993 -1.0054901 -0.7228343 -0.0821251 -0.5015761 0.1566242 -0.0483205 2.1856104 -1.4836312
1.2200000 -1.1129520 -1.0150836 -0.7199991 -0.0813977 -0.4581262 0.1275375 0.1260380 2.1504408 -1.4196505
1.2400000 -1.1145552 -1.0238151 -0.7177328 -0.0770835 -0.4155584 0.0998382 0.3094943 2.0978689 -1.3453121
1.2600000 -1.1160354 -1.0317059 -0.7160055 -0.0690180 -0.3742115 0.0737251 0.5001937 2.0289508 -1.2615353
1.2800000 -1.1173160 -1.0387836 -0.7147838 -0.0570758 -0.3344004 0.0493768 0.6960363 1.9449732 -1.1694285
1.3000000 -1.1183184 -1.0450819 -0.7140305 -0.0411765 -0.2964125 0.0269479 0.8946509 1.8474311 -1.0702735
1.3200000 -1.1189630 -1.0506401 -0.7137058 -0.0212898 -0.2605032 0.0065658 1.0933723 1.7380015 -0.9655020
1.3400000 -1.1191700 -1.0555021 -0.7137678 0.0025584 -0.2268925 -0.0116722 1.2892234 1.6185144 -0.8566644
1.3600000 -1.1188607 -1.0597158 -0.7141727 0.0302792 -0.1957626 -0.0277007 1.4789085 1.4909211 -0.7453927
1.3800000 -1.1179588 -1.0633326 -0.7148759 0.0617147 -0.1672556 -0.0414879 1.6588209 1.3572615 -0.6333596
1.4000000 -1.1163921 -1.0664060 -0.7158322 0.0966320 -0.1414721 -0.0530351 1.8250705 1.2196311 -0.5222343
1.4200000 -1.1140936 -1.0689915 -0.7169973 0.1347175 -0.1184704 -0.0623772 1.9735366 1.0801471 -0.4136393
1.4400000 -1.1110034 -1.0711448 -0.7183273 0.1755735 -0.0982662 -0.0695807 2.0999503 0.9409157 -0.3091083
1.4600000 -1.1070706 -1.0729221 -0.7197805 0.2187156 -0.0808338 -0.0747416 2.2000126 0.8039994 -0.2100486
1.4800000 -1.1022548 -1.0743782 -0.7213170 0.2635740 -0.0661063 -0.0779826 2.2695508 0.6713857 -0.1177088
1.5000000 -1.0965277 -1.0755664 -0.7228998 0.3094976 -0.0539783 -0.0794499 2.3047195 0.5449550 -0.0331544
1.5200000 -1.0898749 -1.0765373 -0.7244950 0.3557628 -0.0443081 -0.0793088 2.3022463 0.4264495 0.0427501
1.5400000 -1.0822971 -1.0773387 -0.7260722 0.4015874 -0.0369203 -0.0777399 2.2597258 0.3174408 0.1093490
1.5600000 -1.0738114 -1.0780141 -0.7276046 0.4461518 -0.0316104 -0.0749349 2.1759624 0.2192963 0.1661960
1.5800000 -1.0644511 -1.0786031 -0.7290695 0.4886259 -0.0281485 -0.0710921 2.0513608 0.1331439 0.2130461
1.6000000 -1.0542663 -1.0791401 -0.7304483 0.5282062 -0.0262847 -0.0664130 1.8883583 0.0598338 0.2498406
1.6200000 -1.0433228 -1.0796545 -0.7317261 0.5641603 -0.0257551 -0.0610985 1.6918507 -0.0001020 0.2766886
1.6400000 -1.0316999 -1.0801703 -0.7328922 0.5958802 -0.0262888 -0.0553455 1.4693972 -0.0464851 0.2938563
1.6600000 -1.0194876 -1.0807060 -0.7339399 0.6229362 -0.0276145 -0.0493442 1.2308052 -0.0795054 0.3017746
1.6800000 -1.0067825 -1.0812749 -0.7348660 0.6451125 -0.0294690 -0.0432745 0.9868864 -0.0997002 0.3010651
1.7000000 -0.9936831 -1.0818848 -0.7356709 0.6624116 -0.0316026 -0.0373016 0.7478242 -0.1079019 0.2925600
1.7200000 -0.9802860 -1.0825390 -0.7363580 0.6750254 -0.0337851 -0.0315721 0.5219516 -0.1051800 0.2772859
1.7400000 -0.9666821 -1.0832362 -0.7369337 0.6832897 -0.0358098 -0.0262102 0.3153179 -0.0927914 0.2564135
1.7600000 -0.9529544 -1.0839714 -0.7374065 0.6876381 -0.0374967 -0.0213156 0.1318074 -0.0721406 0.2311912
1.7800000 -0.9391766 -1.0847361 -0.7377864 0.6885620 -0.0386954 -0.0169625 -0.0265516 -0.0447393 0.2028818
1.8000000 -0.9254119 -1.0855192 -0.7380850 0.6865761 -0.0392863 -0.0132003 -0.1592581 -0.0121644 0.1727097
1.8200000 -0.9117135 -1.0863075 -0.7383144 0.6821917 -0.0391820 -0.0100541 -0.2670235 0.0239854 0.1418195
1.8400000 -0.8981243 -1.0870865 -0.7384871 0.6758951 -0.0383269 -0.0075275 -0.3514766 0.0621337 0.1112439
1.8600000 -0.8846777 -1.0878406 -0.7386155 0.6681326 -0.0366966 -0.0056044 -0.4148937 0.1007680 0.0818819
1.8800000 -0.8713990 -1.0885543 -0.7387113 0.6592994 -0.0342961 -0.0042522 -0.4599593 0.1384792 0.0544853
1.9000000 -0.8583058 -1.0892124 -0.7387856 0.6497342 -0.0311574 -0.0034250 -0.4895593 0.1739960 0.0296522
1.9200000 -0.8454096 -1.0898006 -0.7388483 0.6397170 -0.0273363 -0.0030661 -0.5066096 0.2062141 0.0078274
1.9400000 -0.8327171 -1.0903059 -0.7389082 0.6294698 -0.0229089 -0.0031119 -0.5139210 0.2342187 -0.0106924
1.9600000 -0.8202308 -1.0907170 -0.7389728 0.6191602 -0.0179676 -0.0034938 -0.5141008 0.2573001 -0.0257484
1.9800000 -0.8079507 -1.0910246 -0.7390480 0.6089058 -0.0126169 -0.0041418 -0.5094911 0.2749607 -0.0373072
2.0000000 -0.7958746 -1.0912216 -0.7391384 0.5987805 -0.0069691 -0.0049861 -0.5021412 0.2869144 -0.0454452
2.0200000 -0.7839994 -1.0913033 -0.7392474 0.5888202 -0.0011403 -0.0059596 -0.4938137 0.2930781 -0.0503317
2.0400000 -0.7723218 -1.0912673 -0.7393768 0.5790280 0.0047540 -0.0069994 -0.4860215 0.2935551 -0.0522110
2.0600000 -0.7608383 -1.0911132 -0.7395274 0.5693793 0.0106019 -0.0080481 -0.4800926 0.2886118 -0.0513841
2.0800000 -0.7495466 -1.0908432 -0.7396987 0.5598243 0.0162985 -0.0090548 -0.4772542 0.2786478 -0.0481906
2.1000000 -0.7384454 -1.0904613 -0.7398896 0.5502891 0.0217478 -0.0099757 -0.4787003 0.2641652 -0.0429924
2.1200000 -0.7275350 -1.0899733 -0.7400978 0.5406763 0.0268651 -0.0107744 -0.4855683 0.2457400 -0.0361608
2.1400000 -0.7168183 -1.0893866 -0.7403206 0.5308664 0.0315774 -0.0114221 -0.4987776 0.2240051 -0.0280693
2.1600000 -0.7063004 -1.0887102 -0.7405547 0.5207252 0.0358253 -0.0118972 -0.5188066 0.1996379 -0.0190891
2.1800000 -0.6959893 -1.0879536 -0.7407964 0.5101141 0.0395629 -0.0121857 -0.5455590 0.1733461 -0.0095847
2.2000000 -0.6858958 -1.0871276 -0.7410421 0.4989028 0.0427591 -0.0122806 -0.5783922 0.1458444 0.0000940
2.2200000 -0.6760332 -1.0862433 -0.7412877 0.4869784 0.0453967 -0.0121819 -0.6162616 0.1178261 0.0096213
2.2400000 -0.6664167 -1.0853118 -0.7415294 0.4742523 0.0474722 -0.0118958 -0.6579032 0.0899331 0.0187046
2.2600000 -0.6570631 -1.0843444 -0.7417635 0.4606623 0.0489940 -0.0114337 -0.7020162 0.0627299 0.0270920
2.2800000 -0.6479902 -1.0833520 -0.7419867 0.4461717 0.0499814 -0.0108121 -0.7474073 0.0366831 0.0345777
2.3000000 -0.6392162 -1.0823451 -0.7421960 0.4307660 0.0504614 -0.0100506 -0.7930405 0.0121554 0.0410035
2.3200000 -0.6307595 -1.0813336 -0.7423887 0.4144501 0.0504676 -0.0091719 -0.8379539 -0.0105836 0.0462568
2.3400000 -0.6226382 -1.0803264 -0.7425629 0.3972479 0.0500380 -0.0082004 -0.8811138 -0.0313354 0.0502662
2.3600000 -0.6148696 -1.0793320 -0.7427168 0.3792055 0.0492142 -0.0071613 -0.9213314 -0.0499563 0.0529968
2.3800000 -0.6074700 -1.0783579 -0.7428493 0.3603946 0.0480398 -0.0060805 -0.9573023 -0.0663509 0.0544488
2.4000000 -0.6004538 -1.0774105 -0.7429600 0.3409134 0.0465601 -0.0049833 -0.9877259 -0.0804742 0.0546559
2.4200000 -0.5938335 -1.0764955 -0.7430486 0.3208856 0.0448208 -0.0038942 -1.0114413 -0.0923345 0.0536832
2.4400000 -0.5876184 -1.0756176 -0.7431157 0.3004558 0.0428667 -0.0028360 -1.0275474 -0.1019954 0.0516241
2.4600000 -0.5818152 -1.0747808 -0.7431621 0.2797837 0.0407410 -0.0018293 -1.0354856 -0.1095736 0.0485956
2.4800000 -0.5764271 -1.0739880 -0.7431889 0.2590364 0.0384838 -0.0008922 -1.0350543 -0.1152292 0.0447341
2.5000000 -0.5714538 -1.0732414 -0.7431978 0.2383815 0.0361318 -0.0000399 -1.0263383 -0.1191468 0.0401900
2.5200000 -0.5668918 -1.0725427 -0.7431905 0.2179828 0.0337179 0.0007154 -1.0095973 -0.1215127 0.0351228
2.5400000 -0.5627345 -1.0718927 -0.7431692 0.1979976 0.0312713 0.0013650 -0.9851884 -0.1224982 0.0296971
2.5600000 -0.5589719 -1.0712919 -0.7431359 0.1785753 0.0288180 0.0019033 -0.9535566 -0.1222550 0.0240772
2.5800000 -0.5555914 -1.0707400 -0.7430930 0.1598554 0.0263811 0.0023281 -0.9152647 -0.1209183 0.0184227
2.6000000 -0.5525777 -1.0702366 -0.7430428 0.1419647 0.0239813 0.0026402 -0.8710249 -0.1186125 0.0128836
2.6200000 -0.5499129 -1.0697807 -0.7429874 0.1250144 0.0216366 0.0028434 -0.8217099 -0.1154565 0.0075964
2.6400000 -0.5475771 -1.0693711 -0.7429290 0.1090963 0.0193630 0.0029441 -0.7683315 -0.1115649 0.0026808
2.6600000 -0.5455490 -1.0690062 -0.7428697 0.0942811 0.0171740 0.0029507 -0.7119841 -0.1070439 -0.0017611
2.6800000 -0.5438059 -1.0686842 -0.7428110 0.0806169 0.0150812 0.0028736 -0.6537727 -0.1019847 -0.0056459
2.7000000 -0.5423243 -1.0684030 -0.7427547 0.0681302 0.0130946 0.0027248 -0.5947519 -0.0964601 -0.0089086
2.7200000 -0.5410807 -1.0681604 -0.7427020 0.0568269 0.0112228 0.0025173 -0.2825831 -0.0467947 -0.0051887
2.7400000 -0.5400513 -1.0679541 -0.7426540 0.0568269 0.0112228 0.0025173 -0.2825831 -0.0467947 -0.0051887
