0.0000000 -1.2041286 -0.3424575 -1.1648304 -0.0206441 0.0409672 -0.0228222 -0.0301682 0.0574762 0.0046673
0.0200000 -1.2045274 -0.3416636 -1.1652838 -0.0206441 0.0409672 -0.0228222 -0.0301682 0.0574762 0.0046673
0.0400000 -1.2049544 -0.3408188 -1.1657433 -0.0218508 0.0432662 -0.0226355 -0.0484947 0.1001199 0.0361677
0.0600000 -1.2054014 -0.3399329 -1.1661892 -0.0225839 0.0449720 -0.0213755 -0.0215178 0.0652668 0.0939746
0.0800000 -1.2058578 -0.3390199 -1.1665983 -0.0227115 0.0458769 -0.0188765 0.0122828 0.0195217 0.1599361
0.1000000 -1.2063099 -0.3380979 -1.1669442 -0.0220925 0.0457528 -0.0149780 0.0533037 -0.0380049 0.2336741
0.1200000 -1.2067415 -0.3371898 -1.1671974 -0.0205794 0.0443567 -0.0095295 0.1017778 -0.1078944 0.3145633
0.1400000 -1.2071331 -0.3363236 -1.1673254 -0.0180214 0.0414370 -0.0023955 0.1577578 -0.1903823 0.4017415
0.1600000 -1.2074623 -0.3355323 -1.1672932 -0.0142690 0.0367414 0.0065401 0.2211093 -0.2853412 0.4941334
0.1800000 -1.2077038 -0.3348539 -1.1670638 -0.0091771 0.0300234 0.0173698 0.2915081 -0.3922772 0.5904782
0.2000000 -1.2078294 -0.3343314 -1.1665985 -0.0026087 0.0210503 0.0301592 0.3684360 -0.5103305 0.6893512
0.2200000 -1.2078082 -0.3340119 -1.1658574 0.0055604 0.0096102 0.0449439 0.4511717 -0.6382763 0.7891726
0.2400000 -1.2076070 -0.3339470 -1.1648007 0.0154382 -0.0044808 0.0617261 0.5387774 -0.7745275 0.8882002
0.2600000 -1.2071906 -0.3341912 -1.1633884 0.0271115 -0.0213709 0.0804719 0.6300863 -0.9171413 0.9845227
0.2800000 -1.2065225 -0.3348018 -1.1615818 0.0406416 -0.0411664 0.1011071 0.7237009 -1.0638335 1.0760782
0.3000000 -1.2055650 -0.3358378 -1.1593441 0.0560595 -0.0639243 0.1235150 0.8180092 -1.2120075 1.1607125
0.3200000 -1.2042801 -0.3373588 -1.1566412 0.0733620 -0.0896467 0.1475356 0.9112210 -1.3588055 1.2362745
0.3400000 -1.2026305 -0.3394237 -1.1534427 0.0925084 -0.1182765 0.1729660 1.0014170 -1.5011829 1.3007223
0.3600000 -1.2005798 -0.3420898 -1.1497226 0.1134187 -0.1496940 0.1995644 1.0866027 -1.6359982 1.3522186
0.3800000 -1.1980938 -0.3454114 -1.1454601 0.1359725 -0.1837164 0.2270547 1.1647608 -1.7601132 1.3892028
0.4000000 -1.1951409 -0.3494385 -1.1406404 0.1600091 -0.2200985 0.2551326 1.2339054 -1.8704982 1.4104458
0.4200000 -1.1916934 -0.3542154 -1.1352548 0.1853287 -0.2585363 0.2834726 1.2921393 -1.9643449 1.4150965
0.4400000 -1.1877278 -0.3597799 -1.1293015 0.2116947 -0.2986723 0.3117364 1.3377176 -2.0391821 1.4027237
0.4600000 -1.1832256 -0.3661623 -1.1227854 0.2388374 -0.3401036 0.3395815 1.3691163 -2.0929957 1.3733538
0.4800000 -1.1781743 -0.3733841 -1.1157182 0.2664593 -0.3823922 0.3666706 1.3851064 -2.1243481 1.3275052
0.5000000 -1.1725672 -0.3814580 -1.1081185 0.2942416 -0.4250775 0.3926817 1.3848318 -2.1324952 1.2662198
0.5200000 -1.1664046 -0.3903872 -1.1000110 0.3218526 -0.4676920 0.4173194 1.3678886 -2.1174955 1.1910869
0.5400000 -1.1596931 -0.4001657 -1.0914258 0.3489572 -0.5097774 0.4403252 1.3343837 -2.0802768 1.1042370
0.5600000 -1.1524463 -0.4107783 -1.0823980 0.3752279 -0.5509031 0.4614888 1.2849319 -2.0225970 1.0082517
0.5800000 -1.1446840 -0.4222018 -1.0729662 0.4003545 -0.5906812 0.4806553 1.2205565 -1.9468478 0.9059533
0.6000000 -1.1364321 -0.4344055 -1.0631717 0.4240502 -0.6287770 0.4977270 1.1425331 -1.8557601 0.8001311
0.6200000 -1.1277220 -0.4473529 -1.0530571 0.4460558 -0.6649117 0.5126605 1.0522564 -1.7521410 0.6933165
0.6400000 -1.1185899 -0.4610020 -1.0426653 0.4661404 -0.6988626 0.5254596 0.9511788 -1.6387175 0.5876697
0.6600000 -1.1090764 -0.4753074 -1.0320387 0.4841029 -0.7304603 0.5361673 0.8407995 -1.5180613 0.4849508
0.6800000 -1.0992258 -0.4902204 -1.0212186 0.4997724 -0.7595851 0.5448577 0.7226679 -1.3925444 0.3865247
0.7000000 -1.0890855 -0.5056908 -1.0102444 0.5130096 -0.7861621 0.5516283 0.5983841 -1.2642992 0.2933778
0.7200000 -1.0787054 -0.5216669 -0.9991535 0.5237078 -0.8101570 0.5565928 0.4695920 -1.1351835 0.2061399
0.7400000 -1.0681372 -0.5380970 -0.9879807 0.5317933 -0.8315695 0.5598739 0.3379661 -1.0067516 0.1251134
0.7600000 -1.0574337 -0.5549297 -0.9767585 0.5372264 -0.8504271 0.5615973 0.2051925 -0.8802347 0.0503063
0.7800000 -1.0466481 -0.5721141 -0.9655168 0.5400010 -0.8667789 0.5618861 0.0729438 -0.7565311 -0.0185295
0.8000000 -1.0358336 -0.5896008 -0.9542831 0.5401442 -0.8806883 0.5608561 -0.0571489 -0.6362091 -0.0818575
0.8200000 -1.0250424 -0.6073417 -0.9430826 0.5377151 -0.8922272 0.5586118 -0.1835269 -0.5195208 -0.1403126
0.8400000 -1.0143250 -0.6252899 -0.9319386 0.5328031 -0.9014692 0.5552436 -0.3047352 -0.4064294 -0.1946567
0.8600000 -1.0037302 -0.6434004 -0.9208728 0.5255257 -0.9084844 0.5508256 -0.4194521 -0.2966467 -0.2457325
0.8800000 -0.9933040 -0.6616293 -0.9099056 0.5160250 -0.9133350 0.5454143 -0.5265160 -0.1896806 -0.2944190
0.9000000 -0.9830892 -0.6799338 -0.8990563 0.5044650 -0.9160716 0.5390488 -0.6249472 -0.0848902 -0.3415883
0.9200000 -0.9731254 -0.6982722 -0.8883436 0.4910271 -0.9167306 0.5317508 -0.7139635 0.0184544 -0.3880638
0.9400000 -0.9634481 -0.7166030 -0.8777862 0.4759065 -0.9153334 0.5235263 -0.7929892 0.1211091 -0.4345828
0.9600000 -0.9540891 -0.7348855 -0.8674026 0.4593076 -0.9118863 0.5143675 -0.8616568 0.2237947 -0.4817628
0.9800000 -0.9450758 -0.7530785 -0.8572115 0.4414402 -0.9063816 0.5042557 -0.9198003 0.3271377 -0.5300724
1.0000000 -0.9364315 -0.7711408 -0.8472324 0.4225156 -0.8988008 0.4931646 -0.9674432 0.4316177 -0.5798084
1.0200000 -0.9281752 -0.7890305 -0.8374850 0.4027425 -0.8891169 0.4810634 -1.0047794 0.5375231 -0.6310788
1.0400000 -0.9203218 -0.8067054 -0.8279898 0.3823244 -0.8772998 0.4679214 -1.0321500 0.6449159 -0.6837926
1.0600000 -0.9128822 -0.8241225 -0.8187681 0.3614565 -0.8633203 0.4537117 -1.0500170 0.7536082 -0.7376572
1.0800000 -0.9058636 -0.8412383 -0.8098414 0.3403237 -0.8471555 0.4384152 -1.0589349 0.8631507 -0.7921820
1.1000000 -0.8992693 -0.8580087 -0.8012315 0.3190991 -0.8287943 0.4220244 -1.0595237 0.9728335 -0.8466913
1.1200000 -0.8930996 -0.8743900 -0.7929604 0.2979428 -0.8082422 0.4045475 -1.0524420 1.0816988 -0.9003421
1.1400000 -0.8873516 -0.8903384 -0.7850496 0.2770014 -0.7855263 0.3860107 -1.0383648 1.1885657 -0.9521506
1.1600000 -0.8820195 -0.9058111 -0.7775200 0.2564082 -0.7606995 0.3664615 -1.0179643 1.2920652 -1.0010236
1.1800000 -0.8770953 -0.9207664 -0.7703911 0.2362828 -0.7338437 0.3459698 -0.9918968 1.3906852 -1.0457961
1.2000000 -0.8725682 -0.9351648 -0.7636812 0.2167323 -0.7050721 0.3246296 -0.9607939 1.4828229 -1.0852718
1.2200000 -0.8684260 -0.9489693 -0.7574059 0.1978511 -0.6745308 0.3025589 -0.9252602 1.5668435 -1.1182682
1.2400000 -0.8646542 -0.9621461 -0.7515788 0.1797219 -0.6423984 0.2798989 -0.8858752 1.6411441 -1.1436618
1.2600000 -0.8612371 -0.9746652 -0.7462100 0.1624161 -0.6088850 0.2568125 -0.8432001 1.7042189 -1.1604341
1.2800000 -0.8581575 -0.9865015 -0.7413063 0.1459939 -0.5742296 0.2334815 -0.7977876 1.7547258 -1.1677158
1.3000000 -0.8553973 -0.9976344 -0.7368707 0.1305046 -0.5386960 0.2101038 -0.7501941 1.7915510 -1.1648281
1.3200000 -0.8529374 -1.0080493 -0.7329022 0.1159861 -0.5025676 0.1868884 -0.7009922 1.8138707 -1.1513190
1.3400000 -0.8507579 -1.0177371 -0.7293952 0.1024649 -0.4661412 0.1640511 -0.6507828 1.8212068 -1.1269944
1.3600000 -0.8488388 -1.0266949 -0.7263401 0.0899548 -0.4297193 0.1418086 -0.6002047 1.8134767 -1.0919410
1.3800000 -0.8471597 -1.0349259 -0.7237228 0.0784567 -0.3936021 0.1203734 -0.5499404 1.7910302 -1.0465416
1.4000000 -0.8457005 -1.0424390 -0.7215252 0.0679572 -0.3580781 0.0999470 -0.5007138 1.7546570 -0.9914755
1.4200000 -0.8444414 -1.0492490 -0.7197250 0.0584281 -0.3234158 0.0807144 -0.4532733 1.7055251 -0.9276980
1.4400000 -0.8433634 -1.0553757 -0.7182966 0.0498263 -0.2898571 0.0628391 -0.4083576 1.6450334 -0.8563946
1.4600000 -0.8424484 -1.0608433 -0.7172114 0.0420938 -0.2576145 0.0464586 -0.3666540 1.5746289 -0.7789266
1.4800000 -0.8416796 -1.0656802 -0.7164383 0.0351601 -0.2268720 0.0316820 -0.3287642 1.4956788 -0.6967902
1.5000000 -0.8410420 -1.0699182 -0.7159441 0.0289433 -0.1977873 0.0185870 -0.2951826 1.4094339 -0.6115939
1.5200000 -0.8405219 -1.0735917 -0.7156948 0.0233528 -0.1704946 0.0072182 -0.2662800 1.3170498 -0.5250427
1.5400000 -0.8401078 -1.0767380 -0.7156554 0.0182921 -0.1451053 -0.0024147 -0.2422875 1.2196267 -0.4389135
1.5600000 -0.8397902 -1.0793960 -0.7157914 0.0136613 -0.1217095 -0.0103383 -0.2232757 1.1182587 -0.3550085
1.5800000 -0.8395614 -1.0816064 -0.7160689 0.0093610 -0.1003750 -0.0166150 -0.2091346 1.0140962 -0.2750842
1.6000000 -0.8394158 -1.0834110 -0.7164560 0.0052959 -0.0811457 -0.0213417 -0.1995551 0.9084019 -0.2007584
1.6200000 -0.8393496 -1.0848522 -0.7169226 0.0013788 -0.0640389 -0.0246454 -0.1940157 0.8025743 -0.1334141
1.6400000 -0.8393606 -1.0859725 -0.7174418 -0.0024647 -0.0490427 -0.0266782 -0.1917770 0.6981214 -0.0741205
1.6600000 -0.8394481 -1.0868139 -0.7179897 -0.0062923 -0.0361141 -0.0276102 -0.1918830 0.5965982 -0.0235914
1.6800000 -0.8396123 -1.0874171 -0.7185462 -0.0101400 -0.0251788 -0.0276219 -0.1931677 0.4995249 0.0178111
1.7000000 -0.8398537 -1.0878210 -0.7190946 -0.0140190 -0.0161331 -0.0268978 -0.1942678 0.4083038 0.0500385
1.7200000 -0.8401731 -1.0880624 -0.7196221 -0.0179107 -0.0088466 -0.0256203 -0.1936426 0.3241513 0.0733000
1.7400000 -0.8405702 -1.0881749 -0.7201194 -0.0217647 -0.0031670 -0.0239658 -0.1896023 0.2480501 0.0880067
1.7600000 -0.8410437 -1.0881891 -0.7205807 -0.0254948 0.0010754 -0.0221001 -0.1803490 0.1807274 0.0947303
1.7800000 -0.8415900 -1.0881319 -0.7210034 -0.0289786 0.0040621 -0.0201765 -0.1640293 0.1226561 0.0941820
1.8000000 -0.8422028 -1.0880266 -0.7213878 -0.0320560 0.0059816 -0.0183328 -0.1387985 0.0740732 0.0872035
1.8200000 -0.8428722 -1.0878926 -0.7217367 -0.0345306 0.0070250 -0.0166884 -0.1028898 0.0350013 0.0747542
1.8400000 -0.8435840 -1.0877456 -0.7220553 -0.0361716 0.0073817 -0.0153426 -0.0546874 0.0052679 0.0578842
1.8600000 -0.8443191 -1.0875974 -0.7223504 -0.0367181 0.0072357 -0.0143730 0.0071978 -0.0154790 0.0376992
1.8800000 -0.8450527 -1.0874562 -0.7226302 -0.0358837 0.0067625 -0.0138347 0.0838488 -0.0277546 0.0153236
1.9000000 -0.8457544 -1.0873269 -0.7229038 -0.0333641 0.0061255 -0.0137601 0.1759618 -0.0322218 -0.0081338
1.9200000 -0.8463873 -1.0872111 -0.7231806 -0.0288452 0.0054736 -0.0141600 0.2837651 -0.0296752 -0.0316122
1.9400000 -0.8469082 -1.0871079 -0.7234702 -0.0220135 0.0049385 -0.0150246 0.4069420 -0.0210250 -0.0541260
1.9600000 -0.8472678 -1.0870136 -0.7237816 -0.0125675 0.0046326 -0.0163251 0.5445565 -0.0072774 -0.0747797
1.9800000 -0.8474109 -1.0869226 -0.7241232 -0.0002312 0.0046474 -0.0180158 0.6949868 0.0104889 -0.0927663
2.0000000 -0.8472771 -1.0868277 -0.7245023 0.0152319 0.0050522 -0.0200357 0.8558740 0.0311495 -0.1073591
2.0200000 -0.8468017 -1.0867205 -0.7249247 0.0340037 0.0058934 -0.0223101 1.0240997 0.0535571 -0.1179158
2.0400000 -0.8459169 -1.0865920 -0.7253947 0.0561959 0.0071945 -0.0247523 1.1958019 0.0765595 -0.1239042
2.0600000 -0.8445538 -1.0864327 -0.7259147 0.0818358 0.0089558 -0.0272663 1.3664320 0.0990151 -0.1249408
2.0800000 -0.8426435 -1.0862337 -0.7264853 0.1108532 0.0111551 -0.0297500 1.5308540 0.1198129 -0.1208257
2.1000000 -0.8401197 -1.0859865 -0.7271047 0.1430700 0.0137483 -0.0320993 1.6834876 0.1378975 -0.1115667
2.1200000 -0.8369207 -1.0856838 -0.7277693 0.1781927 0.0166710 -0.0342126 1.8185051 0.1523024 -0.0973939
2.1400000 -0.8329920 -1.0853197 -0.7284732 0.2158102 0.0198404 -0.0359951 1.9300872 0.1621855 -0.0787721
2.1600000 -0.8282883 -1.0848902 -0.7292091 0.2553962 0.0231584 -0.0373635 2.0127294 0.1668692 -0.0564014
2.1800000 -0.8227761 -1.0843934 -0.7299678 0.2963193 0.0265152 -0.0382511 2.0615775 0.1658799 -0.0311920
2.2000000 -0.8164355 -1.0838296 -0.7307391 0.3378593 0.0297936 -0.0386112 2.0727635 0.1589828 -0.0042073
2.2200000 -0.8092618 -1.0832016 -0.7315122 0.3792299 0.0328745 -0.0384194 2.0437118 0.1462070 0.0234132
2.2400000 -0.8012663 -1.0825146 -0.7322759 0.4196078 0.0356419 -0.0376747 1.9733779 0.1278535 0.0505368
2.2600000 -0.7924775 -1.0817759 -0.7330192 0.4581650 0.0379886 -0.0363980 1.8623668 0.1044842 0.0761149
2.2800000 -0.7829397 -1.0809951 -0.7337318 0.4941024 0.0398212 -0.0346301 1.7128895 0.0768891 0.0992461
2.3000000 -0.7727134 -1.0801831 -0.7344044 0.5266806 0.0410642 -0.0324281 1.5285748 0.0460369 0.1192201
2.3200000 -0.7618725 -1.0793525 -0.7350290 0.5552454 0.0416627 -0.0298613 1.3142032 0.0130194 0.1355368
2.3400000 -0.7505035 -1.0785166 -0.7355989 0.5792487 0.0415850 -0.0270066 1.0754095 -0.0210051 0.1479040
2.3600000 -0.7387026 -1.0776891 -0.7361092 0.5982618 0.0408225 -0.0239451 0.8183515 -0.0548684 0.1562199
2.3800000 -0.7265731 -1.0768837 -0.7365567 0.6119828 0.0393902 -0.0207578 0.5493564 -0.0874487 0.1605489
2.4000000 -0.7142233 -1.0761135 -0.7369395 0.6202361 0.0373246 -0.0175232 0.2746150 -0.1177201 0.1610938
2.4200000 -0.7017636 -1.0753907 -0.7372576 0.6229674 0.0346814 -0.0143141 0.0000065 -0.1447887 0.1581669
2.4400000 -0.6893046 -1.0747262 -0.7375121 0.6202363 0.0315330 -0.0111965 -0.2689303 -0.1679134 0.1521609
2.4600000 -0.6769542 -1.0741294 -0.7377055 0.6122102 0.0279649 -0.0082276 -0.5269432 -0.1865174 0.1435229
2.4800000 -0.6648162 -1.0736076 -0.7378412 0.5991586 0.0240723 -0.0054556 -0.7690275 -0.2001956 0.1327310
2.5000000 -0.6529878 -1.0731665 -0.7379237 0.5814491 0.0199571 -0.0029184 -0.9904973 -0.2087200 0.1202748
2.5200000 -0.6415582 -1.0728094 -0.7379579 0.5595387 0.0157235 -0.0006446 -1.1872122 -0.2120445 0.1066385
2.5400000 -0.6306063 -1.0725375 -0.7379495 0.5339606 0.0114753 0.0013471 -1.3558864 -0.2103026 0.0922862
2.5600000 -0.6201998 -1.0723503 -0.7379041 0.5053032 0.0073114 0.0030469 -1.4943336 -0.2037957 0.0776489
2.5800000 -0.6103942 -1.0722451 -0.7378276 0.4741872 0.0033235 0.0044531 -1.6015531 -0.1929692 0.0631154
2.6000000 -0.6012323 -1.0722174 -0.7377259 0.4412411 -0.0004073 0.0055715 -1.6776465 -0.1783846 0.0490255
2.6200000 -0.5927445 -1.0722614 -0.7376047 0.4070814 -0.0038119 0.0064141 -1.7236055 -0.1606899 0.0356669
2.6400000 -0.5849490 -1.0723699 -0.7374694 0.3722969 -0.0068349 0.0069982 -1.7410618 -0.1405915 0.0232753
2.6600000 -0.5778526 -1.0725348 -0.7373248 0.3374389 -0.0094356 0.0073451 -1.7321050 -0.1188247 0.0120345
2.6800000 -0.5714515 -1.0727473 -0.7371756 0.3030127 -0.0115879 0.0074796 -1.6991808 -0.0961245 0.0020777
2.7000000 -0.5657321 -1.0729983 -0.7370256 0.2694717 -0.0132806 0.0074282 -1.6450009 -0.0731997 -0.0065105
2.7200000 -0.5606726 -1.0732785 -0.7368784 0.2372127 -0.0145159 0.0072191 -1.5724437 -0.0507119 -0.0136903
2.7400000 -0.5562436 -1.0735789 -0.7367369 0.2065739 -0.0153090 0.0068806 -1.4844762 -0.0292561 -0.0194626
2.7600000 -0.5524097 -1.0738909 -0.7366032 0.1778336 -0.0156862 0.0064406 -1.3841011 -0.0093446 -0.0238651
2.7800000 -0.5491303 -1.0742064 -0.7364792 0.1512099 -0.0156828 0.0059260 -1.2743037 0.0086033 -0.0269668
2.8000000 -0.5463613 -1.0745182 -0.7363662 0.1268615 -0.0153420 0.0053620 -1.1579982 0.0242678 -0.0288632
2.8200000 -0.5440558 -1.0748201 -0.7362648 0.1048899 -0.0147121 0.0047715 -1.0379846 0.0374301 -0.0296711
2.8400000 -0.5421657 -1.0751067 -0.7361753 0.0853421 -0.0138448 0.0041751 -0.9169106 0.0479713 -0.0295228
2.8600000 -0.5406421 -1.0753739 -0.7360978 0.0682135 -0.0127933 0.0035906 -0.7972346 0.0558660 -0.0285615
2.8800000 -0.5394371 -1.0756184 -0.7360317 0.0534527 -0.0116102 0.0030327 -0.6812099 0.0611771 -0.0269366
2.9000000 -0.5385040 -1.0758383 -0.7359764 0.0409651 -0.0103462 0.0025131 -0.5708875 0.0640489 -0.0247999
2.9200000 -0.5377985 -1.0760323 -0.7359312 0.0306172 -0.0090482 0.0020407 -0.4681051 0.0646969 -0.0223020
2.9400000 -0.5372793 -1.0762002 -0.7358948 0.0222409 -0.0077583 0.0016210 -0.2094072 0.0322480 -0.0104907
2.9600000 -0.5369089 -1.0763426 -0.7358663 0.0222409 -0.0077583 0.0016210 -0.2094072 0.0322480 -0.0104907
