0.0000000 -1.2013348 -0.3417497 -1.1653582 -0.0148686 0.0340912 -0.0279149 -0.0435223 0.0554675 -0.0077704
0.0200000 -1.2016160 -0.3410930 -1.1659079 -0.0148686 0.0340912 -0.0279149 -0.0435223 0.0554675 -0.0077704
0.0400000 -1.2019296 -0.3403860 -1.1664748 -0.0166095 0.0363099 -0.0282257 -0.0929058 0.0936332 0.0151471
0.0600000 -1.2022804 -0.3396406 -1.1670369 -0.0185849 0.0378365 -0.0273090 -0.1041393 0.0537861 0.0823141
0.0800000 -1.2026730 -0.3388726 -1.1675672 -0.0207751 0.0384613 -0.0249331 -0.1140639 0.0030110 0.1610814
0.1000000 -1.2031114 -0.3381022 -1.1680342 -0.0231474 0.0379569 -0.0208657 -0.1220308 -0.0594758 0.2513478
0.1200000 -1.2035988 -0.3373543 -1.1684018 -0.0256563 0.0360823 -0.0148792 -0.1274281 -0.1342473 0.3527310
0.1400000 -1.2041376 -0.3366589 -1.1686294 -0.0282446 0.0325870 -0.0067565 -0.1296963 -0.2216382 0.4645524
0.1600000 -1.2047286 -0.3360508 -1.1686721 -0.0308442 0.0272167 0.0037029 -0.1283301 -0.3217192 0.5858136
0.1800000 -1.2053714 -0.3355702 -1.1684813 -0.0333778 0.0197183 0.0166761 -0.1228737 -0.4342655 0.7151589
0.2000000 -1.2060637 -0.3352621 -1.1680050 -0.0357591 0.0098461 0.0323092 -0.1129187 -0.5587169 0.8508371
0.2200000 -1.2068018 -0.3351763 -1.1671889 -0.0378945 -0.0026304 0.0507095 -0.0981184 -0.6941359 0.9906781
0.2400000 -1.2075795 -0.3353673 -1.1659766 -0.0396839 -0.0179193 0.0719364 -0.0782210 -0.8391759 1.1321045
0.2600000 -1.2083891 -0.3358931 -1.1643114 -0.0410233 -0.0361974 0.0959937 -0.0531179 -0.9920672 1.2721839
0.2800000 -1.2092205 -0.3368152 -1.1621369 -0.0418086 -0.0576020 0.1228237 -0.0228948 -1.1506301 1.4077169
0.3000000 -1.2100614 -0.3381972 -1.1593985 -0.0419391 -0.0822226 0.1523024 0.0121242 -1.3123124 1.5353527
0.3200000 -1.2108980 -0.3401041 -1.1560448 -0.0413236 -0.1100945 0.1842378 0.0513474 -1.4742513 1.6517176
0.3400000 -1.2117144 -0.3426010 -1.1520290 -0.0398852 -0.1411927 0.2183711 0.0939084 -1.6333531 1.7535447
0.3600000 -1.2124934 -0.3457518 -1.1473100 -0.0375673 -0.1754286 0.2543796 0.1386812 -1.7863863 1.8377983
0.3800000 -1.2132171 -0.3496181 -1.1418538 -0.0343380 -0.2126481 0.2918830 0.1843124 -1.9300900 1.9017970
0.4000000 -1.2138670 -0.3542577 -1.1356346 -0.0301948 -0.2526322 0.3304515 0.2292653 -2.0612959 1.9433394
0.4200000 -1.2144249 -0.3597234 -1.1286357 -0.0251674 -0.2951000 0.3696166 0.2718769 -2.1770522 1.9608164
0.4400000 -1.2148736 -0.3660617 -1.1208500 -0.0193197 -0.3397143 0.4088842 0.3104287 -2.2747141 1.9532677
0.4600000 -1.2151977 -0.3733120 -1.1122804 -0.0127502 -0.3860885 0.4477473 0.3432345 -2.3519755 1.9203473
0.4800000 -1.2153837 -0.3815053 -1.1029401 -0.0055903 -0.4337933 0.4856981 0.3687335 -2.4068634 1.8622357
0.5000000 -1.2154213 -0.3906637 -1.0928524 0.0019991 -0.4823631 0.5222367 0.3855738 -2.4377569 1.7795786
0.5200000 -1.2153037 -0.4007998 -1.0820506 0.0098326 -0.5313036 0.5568812 0.3926779 -2.4434648 1.6735029
0.5400000 -1.2150280 -0.4119159 -1.0705772 0.0177062 -0.5801017 0.5891769 0.3892926 -2.4233491 1.5456848
0.5600000 -1.2145954 -0.4240039 -1.0584835 0.0254043 -0.6282376 0.6187086 0.3750253 -2.3774324 1.3984054
0.5800000 -1.2140118 -0.4370454 -1.0458288 0.0327072 -0.6751990 0.6451131 0.3498634 -2.3064053 1.2345002
0.6000000 -1.2132872 -0.4510118 -1.0326790 0.0393989 -0.7204938 0.6680886 0.3141714 -2.2114771 1.0571558
0.6200000 -1.2124358 -0.4658651 -1.0191053 0.0452741 -0.7636581 0.6873993 0.2686672 -2.0941380 0.8696214
0.6400000 -1.2114762 -0.4815581 -1.0051830 0.0501455 -0.8042593 0.7028735 0.2143854 -1.9559795 0.6749865
0.6600000 -1.2104300 -0.4980355 -0.9909904 0.0538495 -0.8418972 0.7143988 0.1526340 -1.7986565 0.4761062
0.6800000 -1.2093222 -0.5152340 -0.9766071 0.0562509 -0.8762056 0.7219177 0.0849483 -1.6239578 0.2756339
0.7000000 -1.2081800 -0.5330837 -0.9621137 0.0572474 -0.9068556 0.7254241 0.0130390 -1.4339203 0.0760981
0.7200000 -1.2070323 -0.5515083 -0.9475901 0.0567725 -0.9335624 0.7249616 -0.0612635 -1.2309556 -0.1200105
0.7400000 -1.2059091 -0.5704262 -0.9331152 0.0547969 -0.9560938 0.7206237 -0.1360672 -1.0179756 -0.3101530
0.7600000 -1.2048404 -0.5897520 -0.9187652 0.0513298 -0.9742814 0.7125555 -0.2094816 -0.7984640 -0.4916925
0.7800000 -1.2038559 -0.6093975 -0.9046130 0.0464176 -0.9880323 0.7009560 -0.2796882 -0.5763842 -0.6619568
0.8000000 -1.2029837 -0.6292733 -0.8907269 0.0401422 -0.9973368 0.6860772 -0.3450203 -0.3558526 -0.8184591
0.8200000 -1.2022502 -0.6492909 -0.8771699 0.0326168 -1.0022664 0.6682176 -0.4040394 -0.1406904 -0.9591906
0.8400000 -1.2016791 -0.6693640 -0.8639982 0.0239807 -1.0029644 0.6477096 -0.4555887 0.0659160 -1.0828250
0.8600000 -1.2012910 -0.6894095 -0.8512615 0.0143933 -0.9996298 0.6249046 -0.4988166 0.2615287 -1.1887526
0.8800000 -1.2011033 -0.7093492 -0.8390020 0.0040280 -0.9925032 0.6001595 -0.5331748 0.4444101 -1.2769978
0.9000000 -1.2011299 -0.7291096 -0.8272551 -0.0069337 -0.9818534 0.5738247 -0.5584015 0.6134221 -1.3480984
0.9200000 -1.2013807 -0.7486233 -0.8160491 -0.0183081 -0.9679663 0.5462356 -0.5744935 0.7679226 -1.4029856
0.9400000 -1.2018622 -0.7678283 -0.8054057 -0.0299135 -0.9511365 0.5177053 -0.5816687 0.9076696 -1.4428718
0.9600000 -1.2025772 -0.7866688 -0.7953408 -0.0415748 -0.9316596 0.4885207 -0.5803209 1.0327339 -1.4691478
0.9800000 -1.2035252 -0.8050947 -0.7858649 -0.0531263 -0.9098271 0.4589394 -0.5709691 1.1434218 -1.4832922
1.0000000 -1.2047023 -0.8230618 -0.7769833 -0.0644136 -0.8859227 0.4291890 -0.5542019 1.2402075 -1.4867921
1.0200000 -1.2061017 -0.8405316 -0.7686973 -0.0752944 -0.8602188 0.3994677 -0.5306200 1.3236760 -1.4810781
1.0400000 -1.2077140 -0.8574706 -0.7610046 -0.0856384 -0.8329757 0.3699459 -0.5007788 1.3944757 -1.4674722
1.0600000 -1.2095273 -0.8738506 -0.7538995 -0.0953255 -0.8044398 0.3407688 -0.4651331 1.4532811 -1.4471495
1.0800000 -1.2115271 -0.8896482 -0.7473738 -0.1042437 -0.7748444 0.3120599 -0.4239865 1.5007630 -1.4211144
1.1000000 -1.2136970 -0.9048444 -0.7414171 -0.1122850 -0.7444093 0.2839242 -0.3774471 1.5375681 -1.3901883
1.1200000 -1.2160185 -0.9194246 -0.7360168 -0.1193416 -0.7133417 0.2564524 -0.3253929 1.5643042 -1.3550106
1.1400000 -1.2184707 -0.9333781 -0.7311590 -0.1253007 -0.6818371 0.2297238 -0.2674469 1.5815318 -1.3160493
1.1600000 -1.2210305 -0.9466980 -0.7268279 -0.1300394 -0.6500804 0.2038104 -0.2029666 1.5897609 -1.2736212
1.1800000 -1.2236722 -0.9593813 -0.7230066 -0.1334194 -0.6182467 0.1787790 -0.1310474 1.5894513 -1.2279191
1.2000000 -1.2263673 -0.9714279 -0.7196767 -0.1352813 -0.5865024 0.1546936 -0.0505418 1.5810167 -1.1790444
1.2200000 -1.2290835 -0.9828414 -0.7168188 -0.1354410 -0.5550060 0.1316172 0.0399027 1.5648311 -1.1270413
1.2400000 -1.2317849 -0.9936281 -0.7144120 -0.1336852 -0.5239091 0.1096120 0.1417889 1.5412376 -1.0719336
1.2600000 -1.2344309 -1.0037977 -0.7124343 -0.1297695 -0.4933565 0.0887399 0.2566962 1.5105591 -1.0137580
1.2800000 -1.2369757 -1.0133624 -0.7108624 -0.1234174 -0.4634867 0.0690617 0.3861886 1.4731102 -0.9525948
1.3000000 -1.2393676 -1.0223372 -0.7096719 -0.1143219 -0.4344321 0.0506361 0.5317065 1.4292107 -0.8885932
1.3200000 -1.2415486 -1.0307397 -0.7088370 -0.1021491 -0.4063183 0.0335179 0.6944432 1.3791998 -0.8219890
1.3400000 -1.2434536 -1.0385899 -0.7083312 -0.0865442 -0.3792641 0.0177565 0.8752094 1.3234512 -0.7531159
1.3600000 -1.2450103 -1.0459103 -0.7081267 -0.0671407 -0.3533803 0.0033933 1.0742900 1.2623882 -0.6824075
1.3800000 -1.2461392 -1.0527251 -0.7081954 -0.0435726 -0.3287686 -0.0095398 1.2912969 1.1964991 -0.6103920
1.4000000 -1.2467532 -1.0590610 -0.7085083 -0.0154889 -0.3055203 -0.0210224 1.5250266 1.1263508 -0.5376795
1.4200000 -1.2467587 -1.0649460 -0.7090363 0.0174285 -0.2837145 -0.0310470 1.7733262 1.0526017 -0.4649428
1.4400000 -1.2460561 -1.0704096 -0.7097502 0.0554442 -0.2634162 -0.0396201 2.0329793 0.9760116 -0.3928937
1.4600000 -1.2445410 -1.0754826 -0.7106211 0.0987476 -0.2446741 -0.0467627 2.2996198 0.8974483 -0.3222567
1.4800000 -1.2421062 -1.0801965 -0.7116207 0.1474290 -0.2275183 -0.0525104 2.5676828 0.8178898 -0.2537419
1.5000000 -1.2386438 -1.0845833 -0.7127215 0.2014549 -0.2119585 -0.0569124 2.8304056 0.7384209 -0.1880181
1.5200000 -1.2340480 -1.0886749 -0.7138972 0.2606452 -0.1979815 -0.0600311 3.0798883 0.6602234 -0.1256902
1.5400000 -1.2282180 -1.0925026 -0.7151228 0.3246505 -0.1855496 -0.0619400 3.3072259 0.5845593 -0.0672810
1.5600000 -1.2210620 -1.0960969 -0.7163748 0.3929342 -0.1745991 -0.0627223 3.5027232 0.5127445 -0.0132191
1.5800000 -1.2125006 -1.0994866 -0.7176317 0.4647594 -0.1650398 -0.0624688 3.6562016 0.4461156 0.0361665
1.6000000 -1.2024716 -1.1026985 -0.7188736 0.5391823 -0.1567545 -0.0612757 3.7573909 0.3859924 0.0806456
1.6200000 -1.1909334 -1.1057567 -0.7200827 0.6150550 -0.1496001 -0.0592429 3.7963852 0.3336481 0.1200868
1.6400000 -1.1778694 -1.1086825 -0.7212433 0.6910377 -0.1434086 -0.0564722 3.7641444 0.2902930 0.1544579
1.6600000 -1.1632918 -1.1114931 -0.7223416 0.7656208 -0.1379884 -0.0530646 3.6530734 0.2570554 0.1838238
1.6800000 -1.1472446 -1.1142020 -0.7233659 0.8371606 -0.1331263 -0.0491192 3.4577456 0.2349304 0.2083289
1.7000000 -1.1298054 -1.1168181 -0.7243064 0.9039306 -0.1285911 -0.0447315 3.1758023 0.2246885 0.2281634
1.7200000 -1.1110873 -1.1193456 -0.7251551 0.9641927 -0.1241388 -0.0399927 2.8090111 0.2267525 0.2435183
1.7400000 -1.0912377 -1.1217837 -0.7259061 1.0162911 -0.1195210 -0.0349907 2.3644482 0.2410592 0.2545384
1.7600000 -1.0704357 -1.1241265 -0.7265548 1.0587707 -0.1144964 -0.0298112 1.8556866 0.2669203 0.2612795
1.7800000 -1.0488869 -1.1263635 -0.7270985 1.0905185 -0.1088442 -0.0245396 1.3034213 0.3029271 0.2636857
1.8000000 -1.0268150 -1.1284803 -0.7275363 1.1109075 -0.1023794 -0.0192637 0.7343122 0.3469882 0.2616146
1.8200000 -1.0044506 -1.1304587 -0.7278691 1.1198910 -0.0949647 -0.0140750 0.1772878 0.3965655 0.2549240
1.8400000 -0.9820193 -1.1322788 -0.7280993 1.1179990 -0.0865167 -0.0090668 -0.3414201 0.4490195 0.2435853
1.8600000 -0.9597306 -1.1339194 -0.7282317 1.1062342 -0.0770039 -0.0043316 -0.8019458 0.5018855 0.2277596
1.8800000 -0.9377699 -1.1353590 -0.7282726 1.0859212 -0.0664413 0.0000436 -1.1918838 0.5529828 0.2078105
1.9000000 -0.9162938 -1.1365770 -0.7282300 1.0585589 -0.0548846 0.0039809 -1.5055613 0.6004104 0.1842741
1.9200000 -0.8954276 -1.1375544 -0.7281134 1.0256987 -0.0424249 0.0074146 -1.7427103 0.6425116 0.1578189
1.9400000 -0.8752658 -1.1382740 -0.7279334 0.9888505 -0.0291841 0.0102936 -1.9071369 0.6778491 0.1292071
1.9600000 -0.8558736 -1.1387217 -0.7277016 0.9494133 -0.0153109 0.0125829 -2.0055581 0.7051974 0.0992579
1.9800000 -0.8372893 -1.1388865 -0.7274301 0.9086281 -0.0009763 0.0142639 -2.0466542 0.7235514 0.0688097
2.0000000 -0.8195284 -1.1387608 -0.7271311 0.8675471 0.0136311 0.0153352 -2.0402905 0.7321466 0.0386835
2.0200000 -0.8025874 -1.1383412 -0.7268167 0.8270165 0.0283096 0.0158113 -1.9967962 0.7304797 0.0096533
2.0400000 -0.7864478 -1.1376284 -0.7264986 0.7876752 0.0428503 0.0157214 -1.9262743 0.7183270 -0.0175770
2.0600000 -0.7710804 -1.1366272 -0.7261878 0.7499656 0.0570427 0.0151082 -1.8380394 0.6957536 -0.0423906
2.0800000 -0.7564492 -1.1353467 -0.7258943 0.7141537 0.0706805 0.0140257 -1.7402817 0.6631114 -0.0642759
2.1000000 -0.7425143 -1.1338000 -0.7256268 0.6803543 0.0835671 0.0125372 -1.6399107 0.6210287 -0.0828412
2.1200000 -0.7292350 -1.1320040 -0.7253928 0.6485572 0.0955216 0.0107121 -1.5424458 0.5703992 -0.0978243
2.1400000 -0.7165720 -1.1299791 -0.7251983 0.6186565 0.1063831 0.0086242 -1.4519086 0.5123693 -0.1090935
2.1600000 -0.7044887 -1.1277487 -0.7250478 0.5904809 0.1160164 0.0063484 -1.3708132 0.4483081 -0.1166424
2.1800000 -0.6929527 -1.1253385 -0.7249444 0.5638239 0.1243154 0.0039585 -1.3003531 0.3797433 -0.1205804
2.2000000 -0.6819358 -1.1227761 -0.7248895 0.5384668 0.1312061 0.0015251 -1.2407307 0.3082740 -0.1211197
2.2200000 -0.6714141 -1.1200902 -0.7248834 0.5141947 0.1366464 -0.0008863 -1.1914751 0.2354872 -0.1185577
2.2400000 -0.6613680 -1.1173102 -0.7249249 0.4908078 0.1406256 -0.0032172 -1.1516666 0.1628963 -0.1132584
2.2600000 -0.6517818 -1.1144652 -0.7250121 0.4681280 0.1431622 -0.0054166 -1.1200989 0.0918935 -0.1056309
2.2800000 -0.6426429 -1.1115837 -0.7251416 0.4460038 0.1443013 -0.0074424 -1.0954355 0.0237057 -0.0961086
2.3000000 -0.6339416 -1.1086932 -0.7253098 0.4243106 0.1441105 -0.0092610 -1.0763554 -0.0406425 -0.0851294
2.3200000 -0.6256704 -1.1058193 -0.7255121 0.4029496 0.1426756 -0.0108476 -1.0616296 -0.1003404 -0.0731199
2.3400000 -0.6178236 -1.1029861 -0.7257437 0.3818454 0.1400969 -0.0121858 -1.0500856 -0.1547639 -0.0604850
2.3600000 -0.6103966 -1.1002154 -0.7259995 0.3609462 0.1364851 -0.0132670 -1.0405264 -0.2034319 -0.0476022
2.3800000 -0.6033858 -1.0975267 -0.7262743 0.3402244 0.1319596 -0.0140899 -1.0317221 -0.2459851 -0.0348145
2.4000000 -0.5967876 -1.0949371 -0.7265631 0.3196773 0.1266457 -0.0146596 -1.0225116 -0.2822022 -0.0224220
2.4200000 -0.5905987 -1.0924609 -0.7268607 0.2993239 0.1206715 -0.0149867 -1.0119208 -0.3120209 -0.0106757
2.4400000 -0.5848147 -1.0901102 -0.7271625 0.2792005 0.1141648 -0.0150866 -0.9992024 -0.3355318 0.0002249
2.4600000 -0.5794307 -1.0878943 -0.7274642 0.2593558 0.1072502 -0.0149777 -0.9838051 -0.3529484 0.0101285
2.4800000 -0.5744405 -1.0858202 -0.7277617 0.2398482 0.1000469 -0.0146814 -0.9653311 -0.3645748 0.0189283
2.5000000 -0.5698367 -1.0838924 -0.7280514 0.2207426 0.0926672 -0.0142206 -0.9435053 -0.3707797 0.0265569
2.5200000 -0.5656108 -1.0821135 -0.7283305 0.2021080 0.0852157 -0.0136192 -0.9181526 -0.3719741 0.0329810
2.5400000 -0.5617524 -1.0804838 -0.7285962 0.1840165 0.0777883 -0.0129014 -0.8891898 -0.3685983 0.0381975
2.5600000 -0.5582501 -1.0790020 -0.7288465 0.1665404 0.0704718 -0.0120913 -0.8566272 -0.3611135 0.0422289
2.5800000 -0.5550908 -1.0776649 -0.7290799 0.1497514 0.0633437 -0.0112122 -0.8205764 -0.3499986 0.0451200
2.6000000 -0.5522600 -1.0764682 -0.7292950 0.1337174 0.0564718 -0.0102865 -0.7812634 -0.3357511 0.0469351
2.6200000 -0.5497421 -1.0754061 -0.7294913 0.1185008 0.0499137 -0.0093348 -0.7390391 -0.3188876 0.0477555
2.6400000 -0.5475200 -1.0744717 -0.7296684 0.1041558 0.0437163 -0.0083763 -0.6943695 -0.2999381 0.0476760
2.6600000 -0.5455759 -1.0736574 -0.7298264 0.0907261 0.0379162 -0.0074278 -0.6478047 -0.2794316 0.0468008
2.6800000 -0.5438910 -1.0729550 -0.7299655 0.0782436 0.0325391 -0.0065042 -0.5999413 -0.2578804 0.0452390
2.7000000 -0.5424461 -1.0723558 -0.7300865 0.0667284 0.0276009 -0.0056182 -0.5513774 -0.2357613 0.0430999
2.7200000 -0.5412218 -1.0718510 -0.7301903 0.0561885 0.0231086 -0.0047802 -0.2634967 -0.1123082 0.0209498
2.7400000 -0.5401986 -1.0714315 -0.7302777 0.0561885 0.0231086 -0.0047802 -0.2634967 -0.1123082 0.0209498
