0.0000000 -1.2028489 -0.3373369 -1.1676703 -0.0198735 0.0346903 -0.0144354 -0.0193882 -0.0699986 0.0874452
0.0200000 -1.2032381 -0.3366254 -1.1679840 -0.0198735 0.0346903 -0.0144354 -0.0193882 -0.0699986 0.0874452
0.0400000 -1.2036439 -0.3359493 -1.1682477 -0.0206491 0.0318904 -0.0109376 -0.0353337 -0.1943275 0.2272700
0.0600000 -1.2040641 -0.3353497 -1.1684215 -0.0212869 0.0269172 -0.0053446 -0.0270172 -0.3088030 0.3367122
0.0800000 -1.2044954 -0.3348726 -1.1684615 -0.0217298 0.0195383 0.0025309 -0.0156500 -0.4342725 0.4546723
0.1000000 -1.2049333 -0.3345682 -1.1683203 -0.0219129 0.0095463 0.0128423 -0.0009055 -0.5693194 0.5793485
0.1200000 -1.2053719 -0.3344908 -1.1679478 -0.0217660 -0.0032345 0.0257048 0.0174288 -0.7122534 0.7087557
0.1400000 -1.2058039 -0.3346976 -1.1672921 -0.0212157 -0.0189438 0.0411925 0.0394253 -0.8611450 0.8407826
0.1600000 -1.2062205 -0.3352485 -1.1663001 -0.0201890 -0.0376803 0.0593361 0.0650002 -1.0138667 0.9732456
0.1800000 -1.2066115 -0.3362048 -1.1649187 -0.0186157 -0.0594985 0.0801223 0.0939135 -1.1681371 1.1039260
0.2000000 -1.2069651 -0.3376284 -1.1630952 -0.0164324 -0.0844058 0.1034932 0.1257883 -1.3215611 1.2305831
0.2200000 -1.2072688 -0.3395810 -1.1607789 -0.0135842 -0.1123609 0.1293457 0.1601358 -1.4716653 1.3509565
0.2400000 -1.2075085 -0.3421229 -1.1579214 -0.0100270 -0.1432724 0.1575314 0.1963751 -1.6159331 1.4627764
0.2600000 -1.2076698 -0.3453119 -1.1544777 -0.0057292 -0.1769982 0.1878567 0.2338450 -1.7518357 1.5637816
0.2800000 -1.2077377 -0.3492028 -1.1504071 -0.0006732 -0.2133458 0.2200827 0.2718161 -1.8768646 1.6517415
0.3000000 -1.2076968 -0.3538458 -1.1456744 0.0051434 -0.2520728 0.2539264 0.3095046 -1.9885916 1.7245061
0.3200000 -1.2075319 -0.3592857 -1.1402501 0.0117070 -0.2928895 0.2890630 0.3460893 -2.0847844 1.7801126
0.3400000 -1.2072285 -0.3655613 -1.1341118 0.0189870 -0.3354642 0.3251309 0.3807308 -2.1635591 1.8169293
0.3600000 -1.2067725 -0.3727043 -1.1272448 0.0269362 -0.3794319 0.3617401 0.4125962 -2.2235130 1.8337777
0.3800000 -1.2061510 -0.3807386 -1.1196422 0.0354909 -0.4244047 0.3984820 0.4408873 -2.2637989 1.8299948
0.4000000 -1.2053528 -0.3896805 -1.1113056 0.0445717 -0.4699838 0.4349399 0.4648697 -2.2841463 1.8054452
0.4200000 -1.2043682 -0.3995380 -1.1022446 0.0540857 -0.5157706 0.4706998 0.4839005 -2.2848484 1.7605029
0.4400000 -1.2031894 -0.4103113 -1.0924776 0.0639277 -0.5613778 0.5053600 0.4974512 -2.2667249 1.6960173
0.4600000 -1.2018111 -0.4219931 -1.0820302 0.0739837 -0.6064396 0.5385405 0.5051248 -2.2310612 1.6132633
0.4800000 -1.2002300 -0.4345689 -1.0709359 0.0841327 -0.6506202 0.5698906 0.5066667 -2.1795245 1.5138763
0.5000000 -1.1984457 -0.4480179 -1.0592346 0.0942504 -0.6936206 0.5990956 0.5019669 -2.1140584 1.3997743
0.5200000 -1.1964600 -0.4623137 -1.0469721 0.1042114 -0.7351825 0.6258815 0.4910546 -2.0367567 1.2730677
0.5400000 -1.1942773 -0.4774252 -1.0341994 0.1138926 -0.7750908 0.6500183 0.4740842 -1.9497210 1.1359574
0.5600000 -1.1919043 -0.4933173 -1.0209714 0.1231748 -0.8131714 0.6713198 0.4513127 -1.8549029 0.9906249
0.5800000 -1.1893503 -0.5099521 -1.0073466 0.1319451 -0.8492869 0.6896433 0.4230712 -1.7539375 0.8391148
0.6000000 -1.1866265 -0.5272888 -0.9933857 0.1400976 -0.8833289 0.7048844 0.3897290 -1.6479694 0.6832131
0.6200000 -1.1837464 -0.5452852 -0.9791512 0.1475342 -0.9152057 0.7169718 0.3516547 -1.5374795 0.5243230
0.6400000 -1.1807252 -0.5638970 -0.9647068 0.1541638 -0.9448281 0.7258573 0.3091755 -1.4221236 0.3633482
0.6600000 -1.1775798 -0.5830783 -0.9501169 0.1599012 -0.9720907 0.7315057 0.2625478 -1.3006441 0.2006276
0.6800000 -1.1743291 -0.6027807 -0.9354466 0.1646657 -0.9968538 0.7338824 0.2119606 -1.1709814 0.0360134
0.7000000 -1.1709932 -0.6229525 -0.9207616 0.1683797 -1.0189299 0.7329462 0.1575873 -1.0306625 -0.1308492
0.7200000 -1.1675939 -0.6435379 -0.9061287 0.1709692 -1.0380803 0.7286485 0.0996647 -0.8773460 -0.3001399
0.7400000 -1.1641544 -0.6644757 -0.8916157 0.1723663 -1.0540238 0.7209406 0.0385555 -0.7092659 -0.4715714
0.7600000 -1.1606993 -0.6856988 -0.8772911 0.1725114 -1.0664510 0.7097856 -0.0252269 -0.5254445 -0.6442848
0.7800000 -1.1572540 -0.7071337 -0.8632242 0.1713572 -1.0750415 0.6951693 -0.0910200 -0.3257447 -0.8168781
0.8000000 -1.1538450 -0.7287005 -0.8494843 0.1688706 -1.0794807 0.6771105 -0.1580200 -0.1108775 -0.9874739
0.8200000 -1.1504992 -0.7503130 -0.8361398 0.1650364 -1.0794766 0.6556703 -0.2252864 0.1175803 -1.1537868
0.8400000 -1.1472435 -0.7718795 -0.8232575 0.1598592 -1.0747775 0.6309590 -0.2917428 0.3571504 -1.3131814
0.8600000 -1.1441048 -0.7933041 -0.8109014 0.1533667 -1.0651906 0.6031430 -0.3561759 0.6044125 -1.4627259
0.8800000 -1.1411089 -0.8144872 -0.7991318 0.1456121 -1.0506010 0.5724500 -0.4172414 0.8550141 -1.5992709
0.9000000 -1.1382803 -0.8353281 -0.7880034 0.1366770 -1.0309901 0.5391722 -0.4734929 1.1038486 -1.7196108
0.9200000 -1.1356418 -0.8557268 -0.7775649 0.1266724 -1.0064471 0.5036656 -0.5234437 1.3454732 -1.8207613
0.9400000 -1.1332134 -0.8755860 -0.7678568 0.1157393 -0.9771711 0.4663418 -0.5656438 1.5746425 -1.9002770
0.9600000 -1.1310122 -0.8948136 -0.7589112 0.1040467 -0.9434614 0.4276545 -0.5987395 1.7867094 -1.9564724
0.9800000 -1.1290515 -0.9133244 -0.7507506 0.0917897 -0.9057027 0.3880829 -0.6214995 1.9777769 -1.9884867
1.0000000 -1.1273406 -0.9310417 -0.7433879 0.0791867 -0.8643503 0.3481150 -0.6328211 2.1446791 -1.9962387
1.0200000 -1.1258841 -0.9478985 -0.7368260 0.0664768 -0.8199156 0.3082333 -0.6317320 2.2849118 -1.9803419
1.0400000 -1.1246815 -0.9638384 -0.7310586 0.0539174 -0.7729538 0.2689013 -0.6173973 2.3965722 -1.9420108
1.0600000 -1.1237274 -0.9788166 -0.7260700 0.0417809 -0.7240527 0.2305529 -0.5891315 2.4783154 -1.8829643
1.0800000 -1.1230103 -0.9928005 -0.7218365 0.0303521 -0.6738212 0.1935828 -0.5464152 2.5293317 -1.8053282
1.1000000 -1.1225133 -1.0057695 -0.7183267 0.0199243 -0.6228794 0.1583397 -0.4889161 2.5493412 -1.7115360
1.1200000 -1.1222133 -1.0177156 -0.7155029 0.0107955 -0.5718476 0.1251213 -0.4165138 2.5386074 -1.6042303
1.1400000 -1.1220815 -1.0286434 -0.7133218 0.0032638 -0.5213351 0.0941705 -0.3293263 2.4979669 -1.4861645
1.1600000 -1.1220828 -1.0385690 -0.7117360 -0.0023775 -0.4719289 0.0656747 -0.2277378 2.4288718 -1.3601066
1.1800000 -1.1221766 -1.0475205 -0.7106948 -0.0058457 -0.4241803 0.0397663 -0.1124268 2.3334395 -1.2287460
1.2000000 -1.1223166 -1.0555363 -0.7101454 -0.0068746 -0.3785913 0.0165249 0.0156071 2.2144857 -1.0946054
1.2200000 -1.1224516 -1.0626642 -0.7100338 -0.0052214 -0.3356008 -0.0040179 0.1550194 2.0754916 -0.9599647
1.2400000 -1.1225255 -1.0689603 -0.7103061 -0.0006738 -0.2955717 -0.0218737 0.3041004 1.9204652 -0.8268028
1.2600000 -1.1224785 -1.0744870 -0.7109088 0.0069426 -0.2587822 -0.0370901 0.4607621 1.7537127 -0.6967668
1.2800000 -1.1222478 -1.0793116 -0.7117897 0.0177566 -0.2254231 -0.0497444 0.6225344 1.5795837 -0.5711695
1.3000000 -1.1217682 -1.0835040 -0.7128986 0.0318439 -0.1955989 -0.0599368 0.7865761 1.4022476 -0.4510142
1.3200000 -1.1209740 -1.0871355 -0.7141872 0.0492197 -0.1693332 -0.0677849 0.9497069 1.2255201 -0.3370437
1.3400000 -1.1197995 -1.0902773 -0.7156100 0.0698322 -0.1465781 -0.0734186 1.1084664 1.0527358 -0.2298084
1.3600000 -1.1181807 -1.0929987 -0.7171239 0.0935583 -0.1272238 -0.0769773 1.2592076 0.8866602 -0.1297477
1.3800000 -1.1160571 -1.0953662 -0.7186891 0.1202005 -0.1111117 -0.0786085 1.3982296 0.7294352 -0.0372821
1.4000000 -1.1133727 -1.0974431 -0.7202683 0.1494875 -0.0980464 -0.0784685 1.5219545 0.5825622 0.0470965
1.4200000 -1.1100776 -1.0992881 -0.7218278 0.1810787 -0.0878092 -0.0767246 1.6271262 0.4469516 0.1227619
1.4400000 -1.1061296 -1.1009555 -0.7233373 0.2145726 -0.0801683 -0.0735581 1.7109807 0.3230773 0.1889653
1.4600000 -1.1014947 -1.1024948 -0.7247701 0.2495179 -0.0748861 -0.0691660 1.7713249 0.2112258 0.2449435
1.4800000 -1.0961488 -1.1039509 -0.7261039 0.2854256 -0.0717193 -0.0637603 1.8065269 0.1117456 0.2900833
1.5000000 -1.0900777 -1.1053636 -0.7273205 0.3217790 -0.0704163 -0.0575627 1.8154992 0.0251825 0.3240529
1.5200000 -1.0832777 -1.1067676 -0.7284064 0.3580455 -0.0707120 -0.0507982 1.7977595 -0.0477318 0.3468512
1.5400000 -1.0757559 -1.1081921 -0.7293525 0.3936894 -0.0723255 -0.0436886 1.7535835 -0.1061876 0.3587917
1.5600000 -1.0675301 -1.1096606 -0.7301540 0.4281889 -0.0749595 -0.0364465 1.6842168 -0.1494397 0.3604576
1.5800000 -1.0586283 -1.1111905 -0.7308103 0.4610581 -0.0783031 -0.0292703 1.5921184 -0.1769556 0.3526550
1.6000000 -1.0490878 -1.1127927 -0.7313248 0.4918736 -0.0820377 -0.0223403 1.4812047 -0.1885588 0.3363685
1.6200000 -1.0389534 -1.1144720 -0.7317039 0.5203062 -0.0858455 -0.0158156 1.3569697 -0.1845447 0.3127193
1.6400000 -1.0282755 -1.1162265 -0.7319574 0.5461524 -0.0894195 -0.0098316 1.2262166 -0.1657277 0.2829245
1.6600000 -1.0171073 -1.1180488 -0.7320972 0.5693549 -0.0924746 -0.0044986 1.0962237 -0.1333829 0.2482525
1.6800000 -1.0055013 -1.1199255 -0.7321373 0.5900013 -0.0947548 0.0000985 0.9736060 -0.0891148 0.2099778
1.7000000 -0.9935072 -1.1218390 -0.7320933 0.6082992 -0.0960392 0.0039005 0.8634248 -0.0347287 0.1693393
1.7200000 -0.9811694 -1.1237671 -0.7319813 0.6245383 -0.0961440 0.0068721 0.7688381 0.0278451 0.1275082
1.7400000 -0.9685257 -1.1256847 -0.7318184 0.6390527 -0.0949254 0.0090008 0.6911536 0.0965848 0.0855662
1.7600000 -0.9556073 -1.1275641 -0.7316213 0.6521845 -0.0922806 0.0102947 0.6300399 0.1693997 0.0444914
1.7800000 -0.9424383 -1.1293759 -0.7314066 0.6642543 -0.0881494 0.0107805 0.5837802 0.2441529 0.0051506
1.8000000 -0.9290371 -1.1310901 -0.7311901 0.6755357 -0.0825145 0.0105008 0.5495475 0.3186892 -0.0317031
1.8200000 -0.9154169 -1.1326765 -0.7309865 0.6862362 -0.0754018 0.0095123 0.5237004 0.3908651 -0.0654297
1.8400000 -0.9015876 -1.1341062 -0.7308096 0.6964837 -0.0668799 0.0078836 0.5021003 0.4585826 -0.0954983
1.8600000 -0.8875575 -1.1353517 -0.7306712 0.7063202 -0.0570585 0.0056924 0.4804418 0.5198256 -0.1214832
1.8800000 -0.8733348 -1.1363885 -0.7305819 0.7157014 -0.0460868 0.0030243 0.4545683 0.5727029 -0.1430594
1.9000000 -0.8589295 -1.1371952 -0.7305502 0.7245029 -0.0341504 -0.0000300 0.4207056 0.6155018 -0.1599985
1.9200000 -0.8443547 -1.1377545 -0.7305831 0.7325296 -0.0214668 -0.0033757 0.3755727 0.6467540 -0.1721665
1.9400000 -0.8296283 -1.1380539 -0.7306853 0.7395258 -0.0082802 -0.0069166 0.3164351 0.6653058 -0.1795234
1.9600000 -0.8147737 -1.1380857 -0.7308597 0.7451870 0.0051455 -0.0105566 0.2412262 0.6703753 -0.1821232
1.9800000 -0.7998208 -1.1378480 -0.7311075 0.7491749 0.0185348 -0.0142015 0.1487710 0.6615933 -0.1801157
2.0000000 -0.7848067 -1.1373443 -0.7314278 0.7511379 0.0316092 -0.0177612 0.0389965 0.6390263 -0.1737479
2.0200000 -0.7697753 -1.1365837 -0.7318180 0.7507347 0.0440958 -0.0211515 -0.0870183 0.6031850 -0.1633617
2.0400000 -0.7547773 -1.1355805 -0.7322739 0.7476571 0.0557366 -0.0242957 -0.2271845 0.5550103 -0.1493869
2.0600000 -0.7398690 -1.1343542 -0.7327898 0.7416474 0.0662963 -0.0271269 -0.3786538 0.4958374 -0.1323287
2.0800000 -0.7251114 -1.1329286 -0.7333589 0.7325110 0.0755701 -0.0295889 -0.5380672 0.4273403 -0.1127529
2.1000000 -0.7105686 -1.1313314 -0.7339734 0.7201247 0.0833899 -0.0316371 -0.7017657 0.3514609 -0.0912681
2.1200000 -0.6963064 -1.1295931 -0.7346244 0.7044403 0.0896285 -0.0332396 -0.8660018 0.2703232 -0.0685045
2.1400000 -0.6823910 -1.1277463 -0.7353029 0.6854846 0.0942028 -0.0343772 -1.0271466 0.1861405 -0.0450907
2.1600000 -0.6688870 -1.1258249 -0.7359995 0.6633545 0.0970741 -0.0350432 -1.1818118 0.1011349 -0.0216349
2.1800000 -0.6558568 -1.1238633 -0.7367047 0.6382121 0.0982482 -0.0352426 -1.3268399 0.0174803 0.0012864
2.2000000 -0.6433585 -1.1218950 -0.7374092 0.6102809 0.0977733 -0.0349918 -1.4592165 -0.0627381 0.0231351
2.2200000 -0.6314456 -1.1199524 -0.7381043 0.5798435 0.0957387 -0.0343172 -1.5760036 -0.1375622 0.0434174
2.2400000 -0.6201648 -1.1180655 -0.7387819 0.5472407 0.0922709 -0.0332551 -1.6743866 -0.2052132 0.0616942
2.2600000 -0.6095559 -1.1162615 -0.7394345 0.5128680 0.0875301 -0.0318495 -1.7518680 -0.2641627 0.0775991
2.2800000 -0.5996501 -1.1145643 -0.7400559 0.4771660 0.0817043 -0.0301511 -1.8065342 -0.3132085 0.0908572
2.3000000 -0.5904693 -1.1129934 -0.7406406 0.4406066 0.0750018 -0.0282152 -1.8372548 -0.3515277 0.1012978
2.3200000 -0.5820258 -1.1115642 -0.7411845 0.4036758 0.0676432 -0.0260992 -1.8437476 -0.3786946 0.1088563
2.3400000 -0.5743223 -1.1102876 -0.7416846 0.3668567 0.0598540 -0.0238609 -1.8265505 -0.3946714 0.1135681
2.3600000 -0.5673516 -1.1091700 -0.7421389 0.3306138 0.0518564 -0.0215565 -1.7869598 -0.3997834 0.1155584
2.3800000 -0.5610977 -1.1082134 -0.7425468 0.2953783 0.0438627 -0.0192386 -1.7269483 -0.3946836 0.1150301
2.4000000 -0.5555364 -1.1074155 -0.7429085 0.2615359 0.0360690 -0.0169553 -1.6490421 -0.3803078 0.1122491
2.4200000 -0.5506363 -1.1067706 -0.7432250 0.2294167 0.0286504 -0.0147486 -1.5561403 -0.3578208 0.1075260
2.4400000 -0.5463598 -1.1062695 -0.7434984 0.1992903 0.0217562 -0.0126542 -1.4513181 -0.3285588 0.1011973
2.4600000 -0.5426647 -1.1059004 -0.7437312 0.1713639 0.0155080 -0.0107007 -1.3376759 -0.2939743 0.0936098
2.4800000 -0.5395052 -1.1056492 -0.7439264 0.1457832 0.0099972 -0.0089098 -1.2182598 -0.2555843 0.0851095
2.5000000 -0.5368333 -1.1055005 -0.7440876 0.1226335 0.0052846 -0.0072963 -1.0960212 -0.2149211 0.0760323
2.5200000 -0.5345999 -1.1054378 -0.7442183 0.1019424 0.0014004 -0.0058685 -0.9737698 -0.1734849 0.0666971
2.5400000 -0.5327556 -1.1054445 -0.7443223 0.0836827 -0.0016548 -0.0046285 -0.8541033 -0.1327021 0.0573974
2.5600000 -0.5312525 -1.1055040 -0.7444034 0.0677782 -0.0039077 -0.0035726 -0.7393250 -0.0938884 0.0483942
2.5800000 -0.5300445 -1.1056008 -0.7444652 0.0541097 -0.0054103 -0.0026927 -0.3417125 -0.0375651 0.0219985
2.6000000 -0.5290882 -1.1057204 -0.7445111 0.0541097 -0.0054103 -0.0026927 -0.3417125 -0.0375651 0.0219985
