0.0000000 -1.2036669 -0.3434779 -1.1640738 -0.0337455 0.0503570 -0.0328588 -0.0216744 0.0566856 0.0342576
0.0200000 -1.2043297 -0.3424969 -1.1647382 -0.0337455 0.0503570 -0.0328588 -0.0216744 0.0566856 0.0342576
0.0400000 -1.2050167 -0.3414637 -1.1653882 -0.0346125 0.0526244 -0.0314885 -0.0244340 0.0936531 0.1027920
0.0600000 -1.2057142 -0.3403919 -1.1659978 -0.0347229 0.0541031 -0.0287472 0.0172065 0.0487360 0.1751138
0.0800000 -1.2064056 -0.3392995 -1.1665380 -0.0339242 0.0545739 -0.0244840 0.0666105 -0.0076013 0.2546012
0.1000000 -1.2070712 -0.3382090 -1.1669771 -0.0320585 0.0537991 -0.0185631 0.1239705 -0.0761504 0.3404051
0.1200000 -1.2076880 -0.3371476 -1.1672806 -0.0289654 0.0515279 -0.0108678 0.1892849 -0.1574265 0.4314627
0.1400000 -1.2082298 -0.3361479 -1.1674118 -0.0244871 0.0475020 -0.0013046 0.2623390 -0.2516269 0.5265088
0.1600000 -1.2086675 -0.3352475 -1.1673327 -0.0184719 0.0414628 0.0101926 0.3426931 -0.3586035 0.6240935
0.1800000 -1.2089687 -0.3344893 -1.1670041 -0.0107793 0.0331579 0.0236591 0.4296743 -0.4778400 0.7226025
0.2000000 -1.2090986 -0.3339212 -1.1663864 -0.0012849 0.0223492 0.0390967 0.5223679 -0.6084318 0.8202756
0.2200000 -1.2090201 -0.3335954 -1.1654403 0.0101154 0.0088206 0.0564702 0.6196119 -0.7490712 0.9152271
0.2400000 -1.2086940 -0.3335684 -1.1641276 0.0234996 -0.0076137 0.0757057 0.7199975 -0.8980418 1.0054724
0.2600000 -1.2080801 -0.3338999 -1.1624120 0.0389153 -0.0271011 0.0966891 0.8218807 -1.0532253 1.0889732
0.2800000 -1.2071374 -0.3346524 -1.1602600 0.0563748 -0.0497427 0.1192647 0.9234101 -1.2121266 1.1637075
0.3000000 -1.2058251 -0.3358896 -1.1576414 0.0758517 -0.0755861 0.1432374 1.0225708 -1.3719192 1.2277617
0.3200000 -1.2041033 -0.3376758 -1.1545305 0.0972776 -0.1046195 0.1683751 1.1172423 -1.5295153 1.2794283
0.3400000 -1.2019340 -0.3400744 -1.1509064 0.1205414 -0.1367667 0.1944145 1.2052664 -1.6816591 1.3172972
0.3600000 -1.1992817 -0.3431465 -1.1467539 0.1454883 -0.1718858 0.2210670 1.2845237 -1.8250403 1.3403404
0.3800000 -1.1961145 -0.3469498 -1.1420638 0.1719223 -0.2097684 0.2480281 1.3530179 -1.9564247 1.3479903
0.4000000 -1.1924048 -0.3515373 -1.1368328 0.1996090 -0.2501428 0.2749866 1.4089576 -2.0727863 1.3401986
0.4200000 -1.1881301 -0.3569556 -1.1310643 0.2282806 -0.2926798 0.3016360 1.4508093 -2.1714104 1.3174389
0.4400000 -1.1832736 -0.3632444 -1.1247674 0.2576414 -0.3369992 0.3276842 1.4773057 -2.2499429 1.2806283
0.4600000 -1.1778245 -0.3704355 -1.1179569 0.2873728 -0.3826775 0.3528612 1.4874215 -2.3063990 1.2309959
0.4800000 -1.1717787 -0.3785515 -1.1106529 0.3171382 -0.4292552 0.3769240 1.4803615 -2.3391818 1.1699677
0.5000000 -1.1651389 -0.3876057 -1.1028800 0.3465873 -0.4762448 0.3996599 1.4555859 -2.3471393 1.0991081
0.5200000 -1.1579152 -0.3976013 -1.0946665 0.3753617 -0.5231408 0.4208884 1.4128654 -2.3296520 1.0201064
0.5400000 -1.1501245 -0.4085314 -1.0860444 0.4031019 -0.5694309 0.4404641 1.3523489 -2.2867306 0.9347820
0.5600000 -1.1417911 -0.4203786 -1.0770480 0.4294556 -0.6146100 0.4582796 1.2746338 -2.2191135 0.8450962
0.5800000 -1.1329462 -0.4331158 -1.0677132 0.4540873 -0.6581954 0.4742680 1.1808348 -2.1283546 0.7531657
0.6000000 -1.1236276 -0.4467064 -1.0580772 0.4766890 -0.6997442 0.4884063 1.0726213 -2.0168622 0.6612533
0.6200000 -1.1138787 -0.4611055 -1.0481770 0.4969921 -0.7388699 0.5007181 0.9521694 -1.8878026 0.5716811
0.6400000 -1.1037479 -0.4762612 -1.0380485 0.5147758 -0.7752563 0.5112735 0.8219860 -1.7448114 0.4866309
0.6600000 -1.0932876 -0.4921158 -1.0277261 0.5298716 -0.8086624 0.5201834 0.6846633 -1.5915936 0.4078922
0.6800000 -1.0825530 -0.5086077 -1.0172412 0.5421623 -0.8389200 0.5275892 0.5426767 -1.4315915 0.3366757
0.7000000 -1.0716011 -0.5256726 -1.0066225 0.5515786 -0.8659260 0.5336504 0.3982916 -1.2678191 0.2735550
0.7200000 -1.0604899 -0.5432447 -0.9958952 0.5580940 -0.8896328 0.5385314 0.2535482 -1.1028195 0.2185013
0.7400000 -1.0492774 -0.5612579 -0.9850812 0.5617206 -0.9100388 0.5423904 0.1102731 -0.9386732 0.1709576
0.7600000 -1.0380211 -0.5796463 -0.9741996 0.5625049 -0.9271797 0.5453697 -0.0299076 -0.7770180 0.1299231
0.7800000 -1.0267772 -0.5983451 -0.9632664 0.5605243 -0.9411195 0.5475874 -0.1655561 -0.6190762 0.0940450
0.8000000 -1.0156001 -0.6172911 -0.9522961 0.5558827 -0.9519427 0.5491315 -0.2954134 -0.4656884 0.0617124
0.8200000 -1.0045419 -0.6364228 -0.9413012 0.5487077 -0.9597471 0.5500559 -0.4183907 -0.3173535 0.0311531
0.8400000 -0.9936518 -0.6556809 -0.9302938 0.5391470 -0.9646369 0.5503776 -0.5335615 -0.1742731 0.0005294
0.8600000 -0.9829760 -0.6750083 -0.9192861 0.5273653 -0.9667180 0.5500770 -0.6401541 -0.0364009 -0.0319685
0.8800000 -0.9725572 -0.6943497 -0.9082907 0.5135409 -0.9660929 0.5490989 -0.7375443 0.0965061 -0.0680336
0.9000000 -0.9624344 -0.7136520 -0.8973221 0.4978635 -0.9628577 0.5473557 -0.8252478 0.2248347 -0.1091608
0.9200000 -0.9526427 -0.7328640 -0.8863965 0.4805310 -0.9570995 0.5447324 -0.9029116 0.3490627 -0.1565745
0.9400000 -0.9432131 -0.7519360 -0.8755328 0.4617470 -0.9488952 0.5410927 -0.9703056 0.4697080 -0.2111675
0.9600000 -0.9341728 -0.7708198 -0.8647528 0.4417187 -0.9383112 0.5362857 -1.0273144 0.5872797 -0.2734532
0.9800000 -0.9255444 -0.7894684 -0.8540814 0.4206544 -0.9254040 0.5301546 -1.0739286 0.7022334 -0.3435324
1.0000000 -0.9173466 -0.8078359 -0.8435466 0.3987616 -0.9102219 0.5225445 -1.1102375 0.8149312 -0.4210765
1.0200000 -0.9095939 -0.8258773 -0.8331796 0.3762449 -0.8928068 0.5133115 -1.1364227 0.9256069 -0.5053266
1.0400000 -0.9022968 -0.8435482 -0.8230142 0.3533047 -0.8731976 0.5023314 -1.1527527 1.0343369 -0.5951108
1.0600000 -0.8954617 -0.8608052 -0.8130864 0.3301348 -0.8514333 0.4895071 -1.1595796 1.1410180 -0.6888771
1.0800000 -0.8890914 -0.8776055 -0.8034339 0.3069215 -0.8275569 0.4747763 -1.1573367 1.2453513 -0.7847433
1.1000000 -0.8831849 -0.8939075 -0.7940953 0.2838414 -0.8016193 0.4581174 -1.1465375 1.3468333 -0.8805613
1.1200000 -0.8777377 -0.9096703 -0.7851092 0.2610600 -0.7736836 0.4395539 -1.1277744 1.4447542 -0.9739934
1.1400000 -0.8727425 -0.9248548 -0.7765132 0.2387304 -0.7438291 0.4191576 -1.1017179 1.5382035 -1.0626002
1.1600000 -0.8681885 -0.9394235 -0.7683429 0.2169913 -0.7121554 0.3970498 -1.0691135 1.6260834 -1.1439342
1.1800000 -0.8640628 -0.9533410 -0.7606312 0.1959659 -0.6787858 0.3734003 -1.0307768 1.7071297 -1.2156385
1.2000000 -0.8603499 -0.9665749 -0.7534069 0.1757602 -0.6438702 0.3484243 -0.9875850 1.7799416 -1.2755445
1.2200000 -0.8570324 -0.9790958 -0.7466942 0.1564625 -0.6075881 0.3223785 -0.9404637 1.8430192 -1.3217659
1.2400000 -0.8540914 -0.9908784 -0.7405117 0.1381417 -0.5701495 0.2955537 -0.8903695 1.8948096 -1.3527854
1.2600000 -0.8515067 -1.0019018 -0.7348720 0.1208477 -0.5317957 0.2682671 -0.8382665 1.9337612 -1.3675280
1.2800000 -0.8492575 -1.0121503 -0.7297811 0.1046110 -0.4927990 0.2408525 -0.7850985 1.9583863 -1.3654199
1.3000000 -0.8473223 -1.0216138 -0.7252379 0.0894437 -0.4534603 0.2136503 -0.7317567 1.9673304 -1.3464268
1.3200000 -0.8456797 -1.0302887 -0.7212350 0.0753408 -0.4141058 0.1869955 -0.6790445 1.9594494 -1.3110712
1.3400000 -0.8443087 -1.0381780 -0.7177581 0.0622820 -0.3750823 0.1612074 -0.6276408 1.9338906 -1.2604242
1.3600000 -0.8431885 -1.0452920 -0.7147867 0.0502351 -0.3367502 0.1365785 -0.5780659 1.8901798 -1.1960722
1.3800000 -0.8422993 -1.0516480 -0.7122950 0.0391593 -0.2994751 0.1133645 -0.5306507 1.8283090 -1.1200565
1.4000000 -0.8416221 -1.0572710 -0.7102522 0.0290091 -0.2636178 0.0917762 -0.4855155 1.7488243 -1.0347862
1.4200000 -0.8411389 -1.0621927 -0.7086239 0.0197387 -0.2295221 0.0719731 -0.4425583 1.6528961 -0.9429274
1.4400000 -0.8408325 -1.0664518 -0.7073732 0.0113068 -0.1975020 0.0540592 -0.4014525 1.5423445 -0.8472732
1.4600000 -0.8406866 -1.0700928 -0.7064616 0.0036806 -0.1678283 0.0380822 -0.3616535 1.4195898 -0.7506048
1.4800000 -0.8406853 -1.0731650 -0.7058500 -0.0031594 -0.1407184 0.0240350 -0.3224106 1.2875343 -0.6555592
1.5000000 -0.8408130 -1.0757215 -0.7055002 -0.0092158 -0.1163270 0.0118598 -0.2827852 1.1493919 -0.5645163
1.5200000 -0.8410539 -1.0778181 -0.7053756 -0.0144708 -0.0947427 0.0014543 -0.2416746 1.0084919 -0.4795158
1.5400000 -0.8413918 -1.0795112 -0.7054420 -0.0188828 -0.0759873 -0.0073208 -0.1978460 0.8680971 -0.4021996
1.5600000 -0.8418093 -1.0808575 -0.7056684 -0.0223846 -0.0600188 -0.0146337 -0.1499877 0.7312809 -0.3337724
1.5800000 -0.8422872 -1.0819120 -0.7060273 -0.0248823 -0.0467361 -0.0206717 -0.0967748 0.6008607 -0.2749822
1.6000000 -0.8428046 -1.0827270 -0.7064953 -0.0262556 -0.0359844 -0.0256330 -0.0369372 0.4793431 -0.2261230
1.6200000 -0.8433374 -1.0833514 -0.7070527 -0.0263598 -0.0275623 -0.0297167 0.0306766 0.3688500 -0.1870635
1.6400000 -0.8438589 -1.0838295 -0.7076839 -0.0250285 -0.0212304 -0.0331155 0.1070397 0.2710370 -0.1572952
1.6600000 -0.8443386 -1.0842006 -0.7083773 -0.0220782 -0.0167209 -0.0360085 0.1928843 0.1870309 -0.1359892
1.6800000 -0.8447421 -1.0844983 -0.7091243 -0.0173132 -0.0137491 -0.0385551 0.2886322 0.1174154 -0.1220531
1.7000000 -0.8450311 -1.0847505 -0.7099195 -0.0105329 -0.0120242 -0.0408906 0.3943160 0.0622731 -0.1141791
1.7200000 -0.8451634 -1.0849793 -0.7107599 -0.0015405 -0.0112582 -0.0431222 0.5095025 0.0212584 -0.1108931
1.7400000 -0.8450927 -1.0852009 -0.7116444 0.0098472 -0.0111739 -0.0453263 0.6332361 -0.0063438 -0.1106147
1.7600000 -0.8447695 -1.0854262 -0.7125729 0.0237889 -0.0115120 -0.0475468 0.7640105 -0.0215917 -0.1117335
1.7800000 -0.8441412 -1.0856614 -0.7135462 0.0404076 -0.0120376 -0.0497957 0.8997606 -0.0258644 -0.1126873
1.8000000 -0.8431532 -1.0859077 -0.7145648 0.0597793 -0.0125465 -0.0520543 1.0378704 -0.0208131 -0.1120299
1.8200000 -0.8417500 -1.0861632 -0.7156284 0.0819224 -0.0128701 -0.0542768 1.1752013 -0.0082886 -0.1084902
1.8400000 -0.8398763 -1.0864226 -0.7167358 0.1067874 -0.0128781 -0.0563939 1.3081547 0.0097324 -0.1010296
1.8600000 -0.8374785 -1.0866783 -0.7178842 0.1342486 -0.0124808 -0.0583180 1.4327710 0.0312200 -0.0888949
1.8800000 -0.8345064 -1.0869218 -0.7190686 0.1640982 -0.0116293 -0.0599497 1.5448645 0.0541676 -0.0716622
1.9000000 -0.8309146 -1.0871435 -0.7202822 0.1960432 -0.0103141 -0.0611845 1.6401967 0.0766730 -0.0492691
1.9200000 -0.8266646 -1.0873343 -0.7215160 0.2297061 -0.0085624 -0.0619205 1.7146902 0.0970155 -0.0220373
1.9400000 -0.8217263 -1.0874860 -0.7227590 0.2646308 -0.0064335 -0.0620660 1.7646669 0.1137295 0.0093252
1.9600000 -0.8160794 -1.0875917 -0.7239986 0.3002928 -0.0040132 -0.0615475 1.7870766 0.1256751 0.0437579
1.9800000 -0.8097146 -1.0876465 -0.7252209 0.3361139 -0.0014065 -0.0603157 1.7796764 0.1320976 0.0799270
2.0000000 -0.8026348 -1.0876479 -0.7264112 0.3714798 0.0012707 -0.0583504 1.7411414 0.1326637 0.1163407
2.0200000 -0.7948554 -1.0875957 -0.7275549 0.4057595 0.0039001 -0.0556621 1.6711171 0.1274618 0.1514776
2.0400000 -0.7864045 -1.0874919 -0.7286377 0.4383245 0.0063692 -0.0522913 1.5702272 0.1169666 0.1839013
2.0600000 -0.7773225 -1.0873409 -0.7296465 0.4685686 0.0085787 -0.0483060 1.4400362 0.1019717 0.2123527
2.0800000 -0.7676617 -1.0871488 -0.7305699 0.4959260 0.0104481 -0.0437972 1.2829880 0.0835042 0.2358157
2.1000000 -0.7574854 -1.0869230 -0.7313984 0.5198881 0.0119189 -0.0388734 1.1023549 0.0627345 0.2535555
2.1200000 -0.7468662 -1.0866720 -0.7321249 0.5400202 0.0129574 -0.0336550 0.9021751 0.0408898 0.2651301
2.1400000 -0.7358846 -1.0864047 -0.7327446 0.5559751 0.0135545 -0.0282682 0.6871179 0.0191687 0.2703842
2.1600000 -0.7246272 -1.0861299 -0.7332556 0.5675049 0.0137242 -0.0228396 0.4622884 -0.0013351 0.2694324
2.1800000 -0.7131844 -1.0858558 -0.7336582 0.5744667 0.0135011 -0.0174909 0.2330446 -0.0196945 0.2626304
2.2000000 -0.7016485 -1.0855898 -0.7339552 0.5768267 0.0129364 -0.0123344 0.0048215 -0.0351882 0.2505358
2.2200000 -0.6901113 -1.0853383 -0.7341516 0.5746595 0.0120936 -0.0074695 -0.2171105 -0.0473228 0.2338617
2.2400000 -0.6786621 -1.0851061 -0.7342540 0.5681422 0.0110435 -0.0029799 -0.4279390 -0.0558386 0.2134277
2.2600000 -0.6673857 -1.0848966 -0.7342708 0.5575420 0.0098600 0.0010677 -0.6235411 -0.0606997 0.1901127
2.2800000 -0.6563605 -1.0847117 -0.7342113 0.5432006 0.0086155 0.0046246 -0.8005900 -0.0620709 0.1648128
2.3000000 -0.6456576 -1.0845519 -0.7340858 0.5255184 0.0073772 0.0076602 -0.9565743 -0.0602840 0.1384041
2.3200000 -0.6353397 -1.0844166 -0.7339049 0.5049376 0.0062041 0.0101608 -1.0897955 -0.0557990 0.1117115
2.3400000 -0.6254601 -1.0843038 -0.7336794 0.4819265 0.0051452 0.0121286 -1.1993696 -0.0491633 0.0854826
2.3600000 -0.6160627 -1.0842108 -0.7334198 0.4569628 0.0042376 0.0135801 -1.2852133 -0.0409713 0.0603687
2.3800000 -0.6071816 -1.0841343 -0.7331362 0.4305180 0.0035064 0.0145434 -1.3479606 -0.0318276 0.0369126
2.4000000 -0.5988419 -1.0840705 -0.7328380 0.4030444 0.0029645 0.0150566 -1.3887814 -0.0223174 0.0155462
2.4200000 -0.5910598 -1.0840157 -0.7325339 0.3749668 0.0026137 0.0151652 -1.4091637 -0.0129814 -0.0034067
2.4400000 -0.5838433 -1.0839660 -0.7322314 0.3466779 0.0024453 0.0149203 -1.4107756 -0.0042956 -0.0197258
2.4600000 -0.5771927 -1.0839179 -0.7319371 0.3185357 0.0024419 0.0143762 -1.3954421 0.0033444 -0.0332907
2.4800000 -0.5711018 -1.0838683 -0.7316564 0.2908602 0.0025790 0.0135887 -1.3651541 0.0096343 -0.0440755
2.5000000 -0.5655583 -1.0838147 -0.7313936 0.2639296 0.0028272 0.0126132 -1.3220247 0.0143671 -0.0521394
2.5200000 -0.5605447 -1.0837552 -0.7311518 0.2379792 0.0031537 0.0115031 -1.2681999 0.0174326 -0.0576144
2.5400000 -0.5560391 -1.0836886 -0.7309334 0.2132016 0.0035245 0.0103086 -1.2057762 0.0188134 -0.0606922
2.5600000 -0.5520166 -1.0836142 -0.7307395 0.1897481 0.0039063 0.0090754 -1.1367463 0.0185773 -0.0616109
2.5800000 -0.5484492 -1.0835323 -0.7305704 0.1677317 0.0042676 0.0078442 -1.0629688 0.0168660 -0.0606432
2.6000000 -0.5453073 -1.0834435 -0.7304257 0.1472294 0.0045809 0.0066497 -0.9861614 0.0138813 -0.0580845
2.6200000 -0.5425600 -1.0833491 -0.7303044 0.1282853 0.0048229 0.0055208 -0.9079057 0.0098699 -0.0542427
2.6400000 -0.5401759 -1.0832506 -0.7302049 0.1109132 0.0049757 0.0044800 -0.8296398 0.0051083 -0.0494280
2.6600000 -0.5381235 -1.0831500 -0.7301252 0.0950997 0.0050272 0.0035436 -0.7526381 -0.0001108 -0.0439434
2.6800000 -0.5363719 -1.0830495 -0.7300632 0.0808076 0.0049713 0.0027222 -0.6779894 -0.0054911 -0.0380764
2.7000000 -0.5348912 -1.0829512 -0.7300163 0.0679801 0.0048076 0.0020206 -0.6065703 -0.0107429 -0.0320923
2.7200000 -0.5336527 -1.0828572 -0.7299823 0.0565448 0.0045415 0.0014385 -0.2858818 -0.0066506 -0.0145513
2.7400000 -0.5326294 -1.0827695 -0.7299588 0.0565448 0.0045415 0.0014385 -0.2858818 -0.0066506 -0.0145513
