0.0000000 -1.2062903 -0.3404055 -1.1664211 -0.0211871 0.0431944 -0.0260317 0.0187704 0.0112169 0.0499261
0.0200000 -1.2067165 -0.3395518 -1.1669539 -0.0211871 0.0431944 -0.0260317 0.0187704 0.0112169 0.0499261
0.0400000 -1.2071378 -0.3386778 -1.1674624 -0.0204363 0.0436430 -0.0240346 0.0649344 -0.0088226 0.1411003
0.0600000 -1.2075339 -0.3378061 -1.1679153 -0.0185897 0.0428415 -0.0203876 0.1234799 -0.0772066 0.2282902
0.0800000 -1.2078814 -0.3369641 -1.1682779 -0.0154971 0.0405548 -0.0149030 0.1893571 -0.1574462 0.3244007
0.1000000 -1.2081538 -0.3361839 -1.1685115 -0.0110154 0.0365436 -0.0074116 0.2620908 -0.2496055 0.4283518
0.1200000 -1.2083220 -0.3355024 -1.1685743 -0.0050134 0.0305706 0.0022311 0.3410003 -0.3534132 0.5387825
0.1400000 -1.2083543 -0.3349611 -1.1684222 0.0026246 0.0224071 0.0141397 0.4252108 -0.4682510 0.6540811
0.1600000 -1.2082170 -0.3346061 -1.1680088 0.0119950 0.0118405 0.0283943 0.5136701 -0.5931539 0.7724256
0.1800000 -1.2078745 -0.3344874 -1.1672864 0.0231714 -0.0013191 0.0450367 0.6051713 -0.7268208 0.8918315
0.2000000 -1.2072901 -0.3346588 -1.1662073 0.0362018 -0.0172323 0.0640676 0.6983788 -0.8676354 1.0102054
0.2200000 -1.2064264 -0.3351767 -1.1647237 0.0511065 -0.0360245 0.0854449 0.7918565 -1.0136958 1.1253993
0.2400000 -1.2052459 -0.3360998 -1.1627895 0.0678761 -0.0577801 0.1090835 0.8840881 -1.1628474 1.2352516
0.2600000 -1.2037114 -0.3374879 -1.1603604 0.0864701 -0.0825384 0.1348550 0.9734835 -1.3127102 1.3376035
0.2800000 -1.2017871 -0.3394013 -1.1573953 0.1068154 -0.1102886 0.1625877 1.0583710 -1.4607006 1.4302924
0.3000000 -1.1994388 -0.3418995 -1.1538569 0.1288049 -0.1409664 0.1920667 1.1369875 -1.6040508 1.5111399
0.3200000 -1.1966349 -0.3450400 -1.1497126 0.1522949 -0.1744506 0.2230333 1.2074845 -1.7398403 1.5779615
0.3400000 -1.1933470 -0.3488775 -1.1449356 0.1771043 -0.2105600 0.2551851 1.2679679 -1.8650653 1.6286242
0.3600000 -1.1895507 -0.3534624 -1.1395052 0.2030137 -0.2490532 0.2881782 1.3165868 -1.9767617 1.6611717
0.3800000 -1.1852264 -0.3588396 -1.1334084 0.2297678 -0.2896305 0.3216320 1.3516543 -2.0721687 1.6739913
0.4000000 -1.1803600 -0.3650476 -1.1266399 0.2570798 -0.3319399 0.3551379 1.3717620 -2.1488910 1.6659650
0.4200000 -1.1749433 -0.3721172 -1.1192029 0.2846382 -0.3755861 0.3882706 1.3758649 -2.2050324 1.6365705
0.4400000 -1.1689745 -0.3800711 -1.1111091 0.3121144 -0.4201412 0.4206007 1.3633432 -2.2393038 1.5859406
0.4600000 -1.1624587 -0.3889229 -1.1023789 0.3391720 -0.4651583 0.4517082 1.3340555 -2.2511199 1.5149049
0.4800000 -1.1554076 -0.3986774 -1.0930408 0.3654766 -0.5101860 0.4811969 1.2883872 -2.2406858 1.4250193
0.5000000 -1.1478396 -0.4093303 -1.0831310 0.3907075 -0.5547857 0.5087090 1.2272744 -2.2090422 1.3185582
0.5200000 -1.1397793 -0.4208688 -1.0726924 0.4145676 -0.5985477 0.5339392 1.1521553 -2.1579974 1.1984063
0.5400000 -1.1312569 -0.4332722 -1.0617734 0.4367937 -0.6411056 0.5566453 1.0648156 -2.0898978 1.0678109
0.5600000 -1.1223076 -0.4465131 -1.0504266 0.4571602 -0.6821436 0.5766517 0.9671754 -2.0072977 0.9300561
0.5800000 -1.1129705 -0.4605580 -1.0387074 0.4754807 -0.7213975 0.5938475 0.8611122 -1.9126761 0.7881945
0.6000000 -1.1032883 -0.4753690 -1.0266727 0.4916047 -0.7586507 0.6081795 0.7483770 -1.8082778 0.6449073
0.6200000 -1.0933063 -0.4909040 -1.0143802 0.5054158 -0.7937286 0.6196438 0.6305775 -1.6960545 0.5024632
0.6400000 -1.0830717 -0.5071181 -1.0018870 0.5168278 -0.8264929 0.6282780 0.5091872 -1.5776435 0.3627178
0.6600000 -1.0726332 -0.5239637 -0.9892491 0.5257832 -0.8568344 0.6341525 0.3855584 -1.4543598 0.2271269
0.6800000 -1.0620404 -0.5413915 -0.9765209 0.5322502 -0.8846672 0.6373631 0.2609361 -1.3271967 0.0967686
0.7000000 -1.0513432 -0.5593504 -0.9637545 0.5362207 -0.9099222 0.6380233 0.1364706 -1.1968364 -0.0276257
0.7200000 -1.0405915 -0.5777884 -0.9509999 0.5377090 -0.9325407 0.6362580 0.0132306 -1.0636709 -0.1456338
0.7400000 -1.0298348 -0.5966520 -0.9383042 0.5367499 -0.9524691 0.6321979 -0.1077867 -0.9278333 -0.2570980
0.7600000 -1.0191215 -0.6158871 -0.9257120 0.5333975 -0.9696540 0.6259741 -0.2256456 -0.7892385 -0.3620768
0.7800000 -1.0084989 -0.6354382 -0.9132653 0.5277241 -0.9840386 0.6177148 -0.3394653 -0.6476331 -0.4607920
0.8000000 -0.9980126 -0.6552487 -0.9010034 0.5198189 -0.9955594 0.6075424 -0.4484144 -0.5026523 -0.5535758
0.8200000 -0.9877062 -0.6752606 -0.8889636 0.5097875 -1.0041447 0.5955718 -0.5517079 -0.3538809 -0.6408173
0.8400000 -0.9776211 -0.6954145 -0.8771805 0.4977506 -1.0097146 0.5819097 -0.6486062 -0.2009179 -0.7229118
0.8600000 -0.9677961 -0.7156492 -0.8656872 0.4838433 -1.0121814 0.5666553 -0.7384171 -0.0434417 -0.8002134
0.8800000 -0.9582673 -0.7359017 -0.8545143 0.4682139 -1.0114523 0.5499012 -0.8204990 0.1187286 -0.8729946
0.9000000 -0.9490676 -0.7561073 -0.8436911 0.4510233 -1.0074323 0.5317355 -0.8942672 0.2855748 -0.9414119
0.9200000 -0.9402264 -0.7761990 -0.8332449 0.4324432 -1.0000293 0.5122447 -0.9592021 0.4568292 -1.0054812
0.9400000 -0.9317699 -0.7961084 -0.8232013 0.4126552 -0.9891591 0.4915163 -1.0148592 0.6319330 -1.0650623
0.9600000 -0.9237202 -0.8157654 -0.8135843 0.3918489 -0.9747519 0.4696422 -1.0608809 0.8100058 -1.1198542
0.9800000 -0.9160959 -0.8350985 -0.8044156 0.3702200 -0.9567589 0.4467221 -1.0970091 0.9898271 -1.1694007
1.0000000 -0.9089114 -0.8540357 -0.7957154 0.3479685 -0.9351589 0.4228662 -1.1230989 1.1698309 -1.2131073
1.0200000 -0.9021772 -0.8725049 -0.7875010 0.3252960 -0.9099656 0.3981978 -1.1391313 1.3481149 -1.2502678
1.0400000 -0.8958996 -0.8904344 -0.7797875 0.3024032 -0.8812343 0.3728555 -1.1452249 1.5224642 -1.2801002
1.0600000 -0.8900810 -0.9077542 -0.7725868 0.2794870 -0.8490671 0.3469938 -1.1416443 1.6903883 -1.3017898
1.0800000 -0.8847201 -0.9243970 -0.7659077 0.2567375 -0.8136187 0.3207839 -1.1288061 1.8491743 -1.3145388
1.1000000 -0.8798115 -0.9402990 -0.7597554 0.2343348 -0.7751001 0.2944123 -1.1072787 1.9959515 -1.3176192
1.1200000 -0.8753467 -0.9554010 -0.7541312 0.2124463 -0.7337807 0.2680791 -1.0777767 2.1277705 -1.3104261
1.1400000 -0.8713137 -0.9696502 -0.7490323 0.1912237 -0.6899893 0.2419952 -1.0411491 2.2416931 -1.2925307
1.1600000 -0.8676977 -0.9830006 -0.7444514 0.1708004 -0.6441130 0.2163779 -0.9983598 2.3348931 -1.2637271
1.1800000 -0.8644817 -0.9954147 -0.7403771 0.1512893 -0.5965936 0.1914462 -0.9504616 2.4047653 -1.2240729
1.2000000 -0.8616462 -1.0068644 -0.7367936 0.1327819 -0.5479223 0.1674150 -0.8985650 2.4490421 -1.1739194
1.2200000 -0.8591704 -1.0173316 -0.7336805 0.1153467 -0.4986319 0.1444894 -0.8438011 2.4659159 -1.1139284
1.2400000 -0.8570323 -1.0268096 -0.7310140 0.0990299 -0.4492857 0.1228579 -0.7872843 2.4541641 -1.0450750
1.2600000 -0.8552092 -1.0353030 -0.7287662 0.0838554 -0.4004653 0.1026864 -0.7300756 2.4132763 -0.9686331
1.2800000 -0.8536781 -1.0428282 -0.7269065 0.0698268 -0.3527547 0.0841125 -0.6731506 2.3435774 -0.8861437
1.3000000 -0.8524161 -1.0494132 -0.7254017 0.0569293 -0.3067222 0.0672406 -0.6173743 2.2463289 -0.7993639
1.3200000 -0.8514009 -1.0550971 -0.7242169 0.0451319 -0.2629015 0.0521380 -0.5634793 2.1237663 -0.7101961
1.3400000 -0.8506108 -1.0599293 -0.7233162 0.0343902 -0.2217716 0.0388328 -0.5120421 1.9790404 -0.6206032
1.3600000 -0.8500253 -1.0639680 -0.7226636 0.0246502 -0.1837399 0.0273138 -0.4634578 1.8160637 -0.5325175
1.3800000 -0.8496248 -1.0672789 -0.7222237 0.0158519 -0.1491290 0.0175321 -0.4179139 1.6392886 -0.4477564
1.4000000 -0.8493912 -1.0699332 -0.7219623 0.0079336 -0.1181683 0.0094036 -0.3753615 1.4534349 -0.3679544
1.4200000 -0.8493075 -1.0720056 -0.7218475 0.0008374 -0.0909916 0.0028139 -0.3354854 1.2631930 -0.2945125
1.4400000 -0.8493577 -1.0735728 -0.7218498 -0.0054858 -0.0676406 -0.0023769 -0.2976863 1.0729555 -0.2285650
1.4600000 -0.8495269 -1.0747112 -0.7219426 -0.0110701 -0.0480734 -0.0063287 -0.2610884 0.8866467 -0.1709617
1.4800000 -0.8498005 -1.0754958 -0.7221029 -0.0159293 -0.0321747 -0.0092154 -0.2245807 0.7076765 -0.1222614
1.5000000 -0.8501641 -1.0759982 -0.7223112 -0.0200533 -0.0197663 -0.0112191 -0.1868806 0.5389791 -0.0827353
1.5200000 -0.8506027 -1.0762864 -0.7225517 -0.0234046 -0.0106156 -0.0125248 -0.1466013 0.3830578 -0.0523796
1.5400000 -0.8511003 -1.0764229 -0.7228122 -0.0259173 -0.0044440 -0.0133143 -0.1023098 0.2419905 -0.0309359
1.5600000 -0.8516394 -1.0764642 -0.7230842 -0.0274970 -0.0009360 -0.0137622 -0.0525804 0.1174100 -0.0179163
1.5800000 -0.8522002 -1.0764603 -0.7233627 -0.0280206 0.0002524 -0.0140310 0.0039501 0.0104847 -0.0126324
1.6000000 -0.8527602 -1.0764541 -0.7236455 -0.0273389 -0.0005166 -0.0142675 0.0685224 -0.0780919 -0.0142256
1.6200000 -0.8532937 -1.0764810 -0.7239334 -0.0252797 -0.0028713 -0.0146000 0.1421940 -0.1481058 -0.0216989
1.6400000 -0.8537714 -1.0765689 -0.7242295 -0.0216512 -0.0064408 -0.0151355 0.2257772 -0.1998234 -0.0339487
1.6600000 -0.8541598 -1.0767386 -0.7245388 -0.0162486 -0.0108642 -0.0159580 0.3197755 -0.2339808 -0.0497964
1.6800000 -0.8544213 -1.0770035 -0.7248678 -0.0088602 -0.0158000 -0.0171273 0.4243120 -0.2517365 -0.0680164
1.7000000 -0.8545142 -1.0773706 -0.7252239 0.0007239 -0.0209337 -0.0186786 0.5390472 -0.2545725 -0.0873596
1.7200000 -0.8543924 -1.0778408 -0.7256149 0.0127017 -0.0259829 -0.0206217 0.6631015 -0.2441755 -0.1065759
1.7400000 -0.8540061 -1.0784099 -0.7260488 0.0272480 -0.0307007 -0.0229417 0.7950067 -0.2223582 -0.1244432
1.7600000 -0.8533024 -1.0790689 -0.7265326 0.0445020 -0.0348773 -0.0255994 0.9326977 -0.1910379 -0.1398030
1.7800000 -0.8522260 -1.0798050 -0.7270727 0.0645559 -0.0383422 -0.0285338 1.0735318 -0.1522342 -0.1515999
1.8000000 -0.8507202 -1.0806026 -0.7276740 0.0874433 -0.0409666 -0.0316634 1.2143247 -0.1080402 -0.1589157
1.8200000 -0.8487283 -1.0814437 -0.7283393 0.1131289 -0.0426638 -0.0348904 1.3514093 -0.0605702 -0.1610033
1.8400000 -0.8461950 -1.0823091 -0.7290696 0.1414996 -0.0433894 -0.0381036 1.4807349 -0.0119086 -0.1573215
1.8600000 -0.8430683 -1.0831792 -0.7298634 0.1723583 -0.0431402 -0.0411833 1.5980061 0.0359353 -0.1475698
1.8800000 -0.8393007 -1.0840347 -0.7307169 0.2054199 -0.0419520 -0.0440064 1.6988504 0.0810815 -0.1317153
1.9000000 -0.8348515 -1.0848573 -0.7316237 0.2403123 -0.0398969 -0.0464519 1.7790087 0.1218504 -0.1100074
1.9200000 -0.8296882 -1.0856306 -0.7325750 0.2765802 -0.0370780 -0.0484067 1.8345512 0.1568363 -0.0829813
1.9400000 -0.8237883 -1.0863404 -0.7335599 0.3136943 -0.0336235 -0.0497711 1.8621201 0.1849686 -0.0514528
1.9600000 -0.8171405 -1.0869755 -0.7345658 0.3510650 -0.0296793 -0.0504648 1.8591577 0.2055538 -0.0164945
1.9800000 -0.8097457 -1.0875276 -0.7355785 0.3880606 -0.0254013 -0.0504309 1.8240595 0.2183024 0.0206211
2.0000000 -0.8016180 -1.0879916 -0.7365831 0.4240274 -0.0209472 -0.0496399 1.7562472 0.2233384 0.0585060
2.0200000 -0.7927846 -1.0883655 -0.7375641 0.4583105 -0.0164678 -0.0480907 1.6562034 0.2211796 0.0957456
2.0400000 -0.7832856 -1.0886503 -0.7385067 0.4902755 -0.0121000 -0.0458101 1.5254642 0.2126810 0.1309776
2.0600000 -0.7731736 -1.0888495 -0.7393965 0.5193291 -0.0079605 -0.0428516 1.3665276 0.1989506 0.1629637
2.0800000 -0.7625124 -1.0889687 -0.7402208 0.5449366 -0.0041420 -0.0392916 1.1827011 0.1812512 0.1906522
2.1000000 -0.7513761 -1.0890152 -0.7409682 0.5666371 -0.0007105 -0.0352255 0.9779748 0.1609045 0.2132220
2.1200000 -0.7398470 -1.0889971 -0.7416298 0.5840556 0.0022942 -0.0307627 0.7569464 0.1392066 0.2301012
2.1400000 -0.7280139 -1.0889234 -0.7421987 0.5969150 0.0048578 -0.0260214 0.5247052 0.1173546 0.2409697
2.1600000 -0.7159704 -1.0888028 -0.7426706 0.6050438 0.0069884 -0.0211239 0.2865855 0.0963853 0.2457518
2.1800000 -0.7038121 -1.0886439 -0.7430437 0.6083784 0.0087132 -0.0161914 0.0478381 0.0771285 0.2446026
2.2000000 -0.6916352 -1.0884543 -0.7433183 0.6069574 0.0100735 -0.0113398 -0.1866381 0.0601806 0.2378841
2.2200000 -0.6795338 -1.0882409 -0.7434972 0.6009129 0.0111204 -0.0066760 -0.4124275 0.0458994 0.2261327
2.2400000 -0.6675987 -1.0880095 -0.7435853 0.5904603 0.0119095 -0.0022945 -0.6256322 0.0344158 0.2100211
2.2600000 -0.6559154 -1.0877646 -0.7435890 0.5758876 0.0124970 0.0017249 -0.8228737 0.0256590 0.1903200
2.2800000 -0.6445632 -1.0875096 -0.7435163 0.5575453 0.0129359 0.0053183 -1.0012948 0.0193903 0.1678601
2.3000000 -0.6336136 -1.0872471 -0.7433763 0.5358358 0.0132726 0.0084393 -1.1585668 0.0152429 0.1434957
2.3200000 -0.6231298 -1.0869787 -0.7431788 0.5112026 0.0135456 0.0110582 -1.2929037 0.0127646 0.1180723
2.3400000 -0.6131655 -1.0867053 -0.7429340 0.4841197 0.0137832 0.0131622 -1.4030824 0.0114605 0.0923958
2.3600000 -0.6037650 -1.0864274 -0.7426523 0.4550794 0.0140040 0.0147540 -1.4884711 0.0108328 0.0672067
2.3800000 -0.5949623 -1.0861451 -0.7423438 0.4245808 0.0142165 0.0158504 -1.5490599 0.0104140 0.0431579
2.4000000 -0.5867818 -1.0858587 -0.7420183 0.3931170 0.0144206 0.0164803 -1.5854741 0.0097945 0.0207979
2.4200000 -0.5792377 -1.0855683 -0.7416846 0.3611618 0.0146083 0.0166823 -1.5989235 0.0086424 0.0005619
2.4400000 -0.5723353 -1.0852744 -0.7413510 0.3291600 0.0147663 0.0165028 -1.5910634 0.0067190 -0.0172286
2.4600000 -0.5660713 -1.0849777 -0.7410245 0.2975193 0.0148771 0.0159932 -1.5638232 0.0038871 -0.0323603
2.4800000 -0.5604345 -1.0846793 -0.7407112 0.2666071 0.0149218 0.0152084 -1.5192862 0.0001108 -0.0447216
2.5000000 -0.5554070 -1.0843808 -0.7404162 0.2367479 0.0148815 0.0142043 -1.4596354 -0.0045518 -0.0542951
2.5200000 -0.5509646 -1.0840840 -0.7401431 0.2082217 0.0147397 0.0130366 -1.3871057 -0.0099600 -0.0611489
2.5400000 -0.5470781 -1.0837912 -0.7398947 0.1812636 0.0144831 0.0117584 -1.3039224 -0.0159034 -0.0654242
2.5600000 -0.5437140 -1.0835047 -0.7396727 0.1560648 0.0141035 0.0104196 -1.2122551 -0.0221201 -0.0673230
2.5800000 -0.5408355 -1.0832271 -0.7394779 0.1327734 0.0135983 0.0090655 -1.1141995 -0.0283177 -0.0670953
2.6000000 -0.5384031 -1.0829608 -0.7393101 0.1114968 0.0129708 0.0077358 -1.0117828 -0.0341984 -0.0650266
2.6200000 -0.5363756 -1.0827082 -0.7391685 0.0923021 0.0122304 0.0064644 -0.9069829 -0.0394844 -0.0614264
2.6400000 -0.5347110 -1.0824716 -0.7390515 0.0752175 0.0113915 0.0052787 -0.8017378 -0.0439405 -0.0566165
2.6600000 -0.5333670 -1.0822526 -0.7389573 0.0602326 0.0104728 0.0041997 -0.6979265 -0.0473858 -0.0509202
2.6800000 -0.5323017 -1.0820527 -0.7388835 0.0473004 0.0094960 0.0032419 -0.5973382 -0.0497026 -0.0446511
2.7000000 -0.5314749 -1.0818727 -0.7388276 0.0363391 0.0084847 0.0024137 -0.5016474 -0.0508401 -0.0381050
2.7200000 -0.5308482 -1.0817133 -0.7387870 0.0272345 0.0074624 0.0017177 -0.4123822 -0.0508141 -0.0315525
2.7400000 -0.5303856 -1.0815742 -0.7387589 0.0198438 0.0064521 0.0011516 -0.1847684 -0.0252581 -0.0141533
2.7600000 -0.5300544 -1.0814552 -0.7387409 0.0198438 0.0064521 0.0011516 -0.1847684 -0.0252581 -0.0141533
