0.0000000 -1.2023421 -0.3413266 -1.1623488 -0.0184565 0.0531241 -0.0267734 -0.0386891 -0.0020217 -0.0049762
0.0200000 -1.2026955 -0.3402699 -1.1628786 -0.0184565 0.0531241 -0.0267734 -0.0386891 -0.0020217 -0.0049762
0.0400000 -1.2030804 -0.3392017 -1.1634197 -0.0200040 0.0530433 -0.0269724 -0.0753677 -0.0394858 0.0101020
0.0600000 -1.2034957 -0.3381481 -1.1639575 -0.0214712 0.0515447 -0.0263693 -0.0694027 -0.1158839 0.0536535
0.0800000 -1.2039392 -0.3371399 -1.1644745 -0.0227801 0.0484079 -0.0248263 -0.0592199 -0.2032931 0.1041437
0.1000000 -1.2044069 -0.3362118 -1.1649506 -0.0238400 0.0434130 -0.0222036 -0.0441945 -0.3015438 0.1616128
0.1200000 -1.2048928 -0.3354033 -1.1653626 -0.0245479 0.0363462 -0.0183618 -0.0237842 -0.4101764 0.2259599
0.1400000 -1.2053888 -0.3347580 -1.1656850 -0.0247913 0.0270059 -0.0131652 0.0024429 -0.5284220 0.2969298
0.1600000 -1.2058845 -0.3343231 -1.1658893 -0.0244502 0.0152093 -0.0064846 0.0347835 -0.6551931 0.3741042
0.1800000 -1.2063668 -0.3341496 -1.1659444 -0.0234000 0.0007982 0.0017990 0.0733776 -0.7890880 0.4568975
0.2000000 -1.2068205 -0.3342912 -1.1658173 -0.0215151 -0.0163542 0.0117913 0.1181901 -0.9284059 0.5445572
0.2200000 -1.2072274 -0.3348038 -1.1654728 -0.0186724 -0.0363380 0.0235813 0.1689976 -1.0711750 0.6361694
0.2400000 -1.2075674 -0.3357447 -1.1648740 -0.0147552 -0.0592012 0.0372381 0.2253799 -1.2151918 0.7306692
0.2600000 -1.2078176 -0.3371718 -1.1639832 -0.0096572 -0.0849457 0.0528081 0.2867162 -1.3580711 0.8268554
0.2800000 -1.2079536 -0.3391425 -1.1627617 -0.0032865 -0.1135241 0.0703123 0.3521884 -1.4973042 0.9234101
0.3000000 -1.2079491 -0.3417128 -1.1611707 0.0044303 -0.1448379 0.0897445 0.4207891 -1.6303252 1.0189208
0.3200000 -1.2077764 -0.3449360 -1.1591719 0.0135450 -0.1787371 0.1110691 0.4913374 -1.7545820 1.1119071
0.3400000 -1.2074073 -0.3488623 -1.1567280 0.0240838 -0.2150212 0.1342207 0.5624988 -1.8676095 1.2008491
0.3600000 -1.2068131 -0.3535369 -1.1538031 0.0360450 -0.2534415 0.1591031 0.6328131 -1.9671029 1.2842171
0.3800000 -1.2059655 -0.3589999 -1.1503639 0.0493964 -0.2937053 0.1855894 0.7007261 -2.0509877 1.3605034
0.4000000 -1.2048372 -0.3652851 -1.1463795 0.0640740 -0.3354810 0.2135232 0.7646267 -2.1174835 1.4282530
0.4200000 -1.2034025 -0.3724192 -1.1418229 0.0799814 -0.3784046 0.2427196 0.8228878 -2.1651603 1.4860946
0.4400000 -1.2016380 -0.3804213 -1.1366708 0.0969895 -0.4220874 0.2729670 0.8739098 -2.1929825 1.5327696
0.4600000 -1.1995229 -0.3893027 -1.1309042 0.1149378 -0.4661239 0.3040303 0.9161659 -2.2003408 1.5671590
0.4800000 -1.1970404 -0.3990662 -1.1245095 0.1336362 -0.5101010 0.3356534 0.9482467 -2.1870690 1.5883082
0.5000000 -1.1941775 -0.4097067 -1.1174781 0.1528677 -0.5536067 0.3675627 0.9689040 -2.1534456 1.5954470
0.5200000 -1.1909257 -0.4212105 -1.1098070 0.1723923 -0.5962388 0.3994713 0.9770915 -2.1001792 1.5880067
0.5400000 -1.1872818 -0.4335563 -1.1014993 0.1919514 -0.6376138 0.4310829 0.9720010 -2.0283791 1.5656327
0.5600000 -1.1832477 -0.4467151 -1.0925637 0.2112724 -0.6773740 0.4620966 0.9530919 -1.9395108 1.5281912
0.5800000 -1.1788309 -0.4606512 -1.0830154 0.2300750 -0.7151943 0.4922106 0.9201142 -1.8353398 1.4757726
0.6000000 -1.1740447 -0.4753228 -1.0728753 0.2480769 -0.7507876 0.5211275 0.8731233 -1.7178649 1.4086883
0.6200000 -1.1689078 -0.4906827 -1.0621703 0.2650000 -0.7839089 0.5485581 0.8124844 -1.5892447 1.3274639
0.6400000 -1.1634447 -0.5066792 -1.0509330 0.2805763 -0.8143574 0.5742260 0.7388691 -1.4517202 1.2328265
0.6600000 -1.1576848 -0.5232570 -1.0392013 0.2945547 -0.8419777 0.5978712 0.6532416 -1.3075369 1.1256891
0.6800000 -1.1516625 -0.5403583 -1.0270181 0.3067060 -0.8666589 0.6192536 0.5568356 -1.1588704 1.0071305
0.7000000 -1.1454165 -0.5579234 -1.0144311 0.3168281 -0.8883325 0.6381564 0.4511240 -1.0077578 0.8783727
0.7200000 -1.1389894 -0.5758916 -1.0014919 0.3247509 -0.9069692 0.6543885 0.3377808 -0.8560397 0.7407560
0.7400000 -1.1324265 -0.5942021 -0.9882556 0.3303394 -0.9225741 0.6677866 0.2186377 -0.7053124 0.5957132
0.7600000 -1.1257758 -0.6127946 -0.9747804 0.3334965 -0.9351817 0.6782170 0.0956369 -0.5568955 0.4447435
0.7800000 -1.1190866 -0.6316094 -0.9611269 0.3341649 -0.9448499 0.6855764 -0.0292178 -0.4118126 0.2893863
0.8000000 -1.1124092 -0.6505886 -0.9473573 0.3323277 -0.9516542 0.6897925 -0.1539106 -0.2707884 0.1311978
0.8200000 -1.1057935 -0.6696756 -0.9335352 0.3280084 -0.9556814 0.6908243 -0.2764611 -0.1342595 -0.0282713
0.8400000 -1.0992889 -0.6888158 -0.9197244 0.3212693 -0.9570246 0.6886616 -0.3949687 -0.0023986 -0.1874953
0.8600000 -1.0929428 -0.7079566 -0.9059887 0.3122097 -0.9557774 0.6833245 -0.5076523 0.1248487 -0.3449885
0.8800000 -1.0868005 -0.7270469 -0.8923914 0.3009632 -0.9520306 0.6748621 -0.6128847 0.2477193 -0.4993187
0.9000000 -1.0809042 -0.7460378 -0.8789942 0.2876943 -0.9458686 0.6633517 -0.7092197 0.3665804 -0.6491159
0.9200000 -1.0752927 -0.7648817 -0.8658573 0.2725944 -0.9373674 0.6488974 -0.7954136 0.4818737 -0.7930789
0.9400000 -1.0700005 -0.7835325 -0.8530383 0.2558778 -0.9265937 0.6316286 -0.8704387 0.5940591 -0.9299789
0.9600000 -1.0650576 -0.8019454 -0.8405922 0.2377769 -0.9136050 0.6116983 -0.9334914 0.7035602 -1.0586618
0.9800000 -1.0604894 -0.8200767 -0.8285704 0.2185381 -0.8984513 0.5892821 -0.9839926 0.8107141 -1.1780496
1.0000000 -1.0563161 -0.8378835 -0.8170209 0.1984172 -0.8811765 0.5645763 -1.0215841 0.9157282 -1.2871414
1.0200000 -1.0525527 -0.8553237 -0.8059874 0.1776747 -0.8618221 0.5377964 -1.0461191 1.0186454 -1.3850161
1.0400000 -1.0492091 -0.8723563 -0.7955090 0.1565724 -0.8404306 0.5091757 -1.0576494 1.1193191 -1.4708363
1.0600000 -1.0462898 -0.8889410 -0.7856203 0.1353688 -0.8170494 0.4789630 -1.0564086 1.2173987 -1.5438543
1.0800000 -1.0437943 -0.9050383 -0.7763505 0.1143161 -0.7917347 0.4474215 -1.0427943 1.3123267 -1.6034218
1.1000000 -1.0417172 -0.9206103 -0.7677235 0.0936570 -0.7645563 0.4148261 -1.0173473 1.4033460 -1.6490011
1.1200000 -1.0400480 -0.9356206 -0.7597575 0.0736222 -0.7356009 0.3814614 -0.9807313 1.4895183 -1.6801790
1.1400000 -1.0387723 -0.9500344 -0.7524650 0.0544277 -0.7049756 0.3476190 -0.9337109 1.5697521 -1.6966831
1.1600000 -1.0378709 -0.9638196 -0.7458527 0.0362737 -0.6728108 0.3135941 -0.8771311 1.6428388 -1.6983978
1.1800000 -1.0373213 -0.9769468 -0.7399213 0.0193425 -0.6392620 0.2796830 -0.8118970 1.7074961 -1.6853805
1.2000000 -1.0370972 -0.9893901 -0.7346654 0.0037978 -0.6045109 0.2461789 -0.7389542 1.7624169 -1.6578760
1.2200000 -1.0371694 -1.0011272 -0.7300741 -0.0102157 -0.5687653 0.2133680 -0.6592713 1.8063216 -1.6163273
1.2400000 -1.0375059 -1.0121407 -0.7261307 -0.0225730 -0.5322581 0.1815258 -0.5738238 1.8380113 -1.5613829
1.2600000 -1.0380723 -1.0224176 -0.7228131 -0.0331686 -0.4952449 0.1509127 -0.4835796 1.8564215 -1.4938977
1.2800000 -1.0388326 -1.0319505 -0.7200942 -0.0419162 -0.4580012 0.1217699 -0.3894870 1.8606717 -1.4149276
1.3000000 -1.0397490 -1.0407376 -0.7179423 -0.0487481 -0.4208180 0.0943156 -0.2924652 1.8501117 -1.3257180
1.3200000 -1.0407825 -1.0487832 -0.7163215 -0.0536148 -0.3839967 0.0687412 -0.1933958 1.8243600 -1.2276844
1.3400000 -1.0418936 -1.0560975 -0.7151926 -0.0564839 -0.3478436 0.0452082 -0.0931186 1.7833343 -1.1223871
1.3600000 -1.0430419 -1.0626969 -0.7145132 -0.0573395 -0.3126634 0.0238457 0.0075722 1.7272725 -1.0114997
1.3800000 -1.0441872 -1.0686040 -0.7142388 -0.0561810 -0.2787527 0.0047482 0.1079288 1.6567425 -0.8967732
1.4000000 -1.0452891 -1.0738470 -0.7143233 -0.0530224 -0.2463937 -0.0120252 0.2072488 1.5726404 -0.7799967
1.4200000 -1.0463080 -1.0784598 -0.7147198 -0.0478911 -0.2158471 -0.0264516 0.3048732 1.4761779 -0.6629564
1.4400000 -1.0472048 -1.0824809 -0.7153814 -0.0408275 -0.1873466 -0.0385435 0.4001832 1.3688575 -0.5473944
1.4600000 -1.0479411 -1.0859536 -0.7162615 -0.0318838 -0.1610928 -0.0483474 0.4925965 1.2524381 -0.4349699
1.4800000 -1.0484801 -1.0889246 -0.7173153 -0.0211236 -0.1372490 -0.0559423 0.5815637 1.1288913 -0.3272224
1.5000000 -1.0487861 -1.0914436 -0.7184992 -0.0086212 -0.1159371 -0.0614363 0.6665651 1.0003504 -0.2255400
1.5200000 -1.0488250 -1.0935621 -0.7197727 0.0055390 -0.0972350 -0.0649639 0.7471086 0.8690540 -0.1311327
1.5400000 -1.0485645 -1.0953330 -0.7210978 0.0212631 -0.0811750 -0.0666816 0.8227293 0.7372860 -0.0450118
1.5600000 -1.0479745 -1.0968091 -0.7224400 0.0384482 -0.0677436 -0.0667644 0.8929896 0.6073156 0.0320245
1.5800000 -1.0470266 -1.0980427 -0.7237684 0.0569827 -0.0568824 -0.0654007 0.9574819 0.4813376 0.0993983
1.6000000 -1.0456951 -1.0990844 -0.7250560 0.0767475 -0.0484901 -0.0627884 1.0158326 0.3614164 0.1567541
1.6200000 -1.0439567 -1.0999823 -0.7262799 0.0976160 -0.0424257 -0.0591305 1.0677070 0.2494356 0.2039538
1.6400000 -1.0417905 -1.1007815 -0.7274212 0.1194557 -0.0385126 -0.0546303 1.1128153 0.1470538 0.2410669
1.6600000 -1.0391785 -1.1015228 -0.7284651 0.1421286 -0.0365436 -0.0494878 1.1509193 0.0556685 0.2683555
1.6800000 -1.0361054 -1.1022432 -0.7294007 0.1654925 -0.0362859 -0.0438961 1.1818382 -0.0236101 0.2862558
1.7000000 -1.0325588 -1.1029743 -0.7302210 0.1894022 -0.0374880 -0.0380376 1.2054539 -0.0899772 0.2953564
1.7200000 -1.0285293 -1.1037427 -0.7309222 0.2137107 -0.0398850 -0.0320818 1.2217155 -0.1429411 0.2963740
1.7400000 -1.0240103 -1.1045697 -0.7315042 0.2382708 -0.0432056 -0.0261826 1.2306409 -0.1823213 0.2901279
1.7600000 -1.0189984 -1.1054709 -0.7319695 0.2629363 -0.0471778 -0.0204767 1.2323170 -0.2082385 0.2775141
1.7800000 -1.0134929 -1.1064568 -0.7323233 0.2875635 -0.0515351 -0.0150821 1.2268970 -0.2210962 0.2594795
1.8000000 -1.0074959 -1.1075323 -0.7325728 0.3120122 -0.0560217 -0.0100975 1.2145960 -0.2215558 0.2369965
1.8200000 -1.0010124 -1.1086977 -0.7327272 0.3361473 -0.0603974 -0.0056022 1.1956841 -0.2105057 0.2110400
1.8400000 -0.9940500 -1.1099482 -0.7327969 0.3598395 -0.0644419 -0.0016559 1.1704780 -0.1890271 0.1825657
1.8600000 -0.9866188 -1.1112753 -0.7327934 0.3829664 -0.0679585 0.0017004 1.1393309 -0.1583562 0.1524907
1.8800000 -0.9787314 -1.1126666 -0.7327289 0.4054128 -0.0707762 0.0044437 1.1026226 -0.1198466 0.1216770
1.9000000 -0.9704023 -1.1141064 -0.7326157 0.4270713 -0.0727523 0.0065675 1.0607492 -0.0749305 0.0909179
1.9200000 -0.9616485 -1.1155767 -0.7324662 0.4478427 -0.0737734 0.0080804 1.0141128 -0.0250819 0.0609273
1.9400000 -0.9524886 -1.1170573 -0.7322925 0.4676358 -0.0737556 0.0090046 0.9631129 0.0282176 0.0323313
1.9600000 -0.9429431 -1.1185269 -0.7321060 0.4863673 -0.0726447 0.0093737 0.9081388 0.0835107 0.0056638
1.9800000 -0.9330339 -1.1199631 -0.7319175 0.5039614 -0.0704152 0.0092312 0.8495640 0.1393915 -0.0186365
2.0000000 -0.9227846 -1.1213435 -0.7317368 0.5203498 -0.0670690 0.0086282 0.7877415 0.1945301 -0.0402253
2.0200000 -0.9122199 -1.1226459 -0.7315724 0.5354710 -0.0626340 0.0076221 0.7230021 0.2476918 -0.0588510
2.0400000 -0.9013658 -1.1238489 -0.7314319 0.5492699 -0.0571614 0.0062742 0.6556536 0.2977531 -0.0743506
2.0600000 -0.8902491 -1.1249323 -0.7313214 0.5616972 -0.0507238 0.0046481 0.5859815 0.3437141 -0.0866435
2.0800000 -0.8788979 -1.1258778 -0.7312459 0.5727092 -0.0434128 0.0028085 0.5142519 0.3847073 -0.0957257
2.1000000 -0.8673408 -1.1266688 -0.7312091 0.5822673 -0.0353355 0.0008191 0.4407141 0.4200034 -0.1016617
2.1200000 -0.8556072 -1.1272912 -0.7312132 0.5903377 -0.0266127 -0.0012580 0.3656053 0.4490149 -0.1045765
2.1400000 -0.8437273 -1.1277333 -0.7312594 0.5968915 -0.0173750 -0.0033640 0.2891545 0.4712974 -0.1046476
2.1600000 -0.8317315 -1.1279862 -0.7313477 0.6019039 -0.0077608 -0.0054439 0.2115873 0.4865489 -0.1020966
2.1800000 -0.8196511 -1.1280438 -0.7314772 0.6053550 0.0020870 -0.0074478 0.1331305 0.4946078 -0.0971810
2.2000000 -0.8075173 -1.1279027 -0.7316457 0.6072291 0.0120236 -0.0093312 0.0540157 0.4954492 -0.0901862
2.2200000 -0.7953619 -1.1275628 -0.7318504 0.6075156 0.0219050 -0.0110553 -0.0255162 0.4891801 -0.0814180
2.2400000 -0.7832167 -1.1270266 -0.7320879 0.6062085 0.0315908 -0.0125879 -0.1052122 0.4760331 -0.0711951
2.2600000 -0.7711136 -1.1262992 -0.7323539 0.6033071 0.0409463 -0.0139031 -0.1848040 0.4563586 -0.0598426
2.2800000 -0.7590844 -1.1253887 -0.7326440 0.5988163 0.0498451 -0.0149816 -0.2640054 0.4306159 -0.0476848
2.3000000 -0.7471609 -1.1243054 -0.7329532 0.5927469 0.0581709 -0.0158105 -0.3425097 0.3993625 -0.0350400
2.3200000 -0.7353746 -1.1230619 -0.7332764 0.5851159 0.0658196 -0.0163832 -0.4199877 0.3632428 -0.0222146
2.3400000 -0.7237563 -1.1216726 -0.7336085 0.5759474 0.0727006 -0.0166991 -0.4960856 0.3229738 -0.0094982
2.3600000 -0.7123367 -1.1201538 -0.7339444 0.5652725 0.0787386 -0.0167631 -0.5704227 0.2793313 0.0028408
2.3800000 -0.7011454 -1.1185231 -0.7342790 0.5531305 0.0838739 -0.0165854 -0.6425903 0.2331340 0.0145590
2.4000000 -0.6902114 -1.1167989 -0.7346078 0.5395689 0.0880639 -0.0161807 -0.7121507 0.1852263 0.0254412
2.4200000 -0.6795626 -1.1150005 -0.7349263 0.5246444 0.0912829 -0.0155678 -0.7786369 0.1364622 0.0353029
2.4400000 -0.6692257 -1.1131476 -0.7352305 0.5084234 0.0935224 -0.0147686 -0.8415543 0.0876868 0.0439919
2.4600000 -0.6592257 -1.1112596 -0.7355170 0.4909823 0.0947904 -0.0138081 -0.9003838 0.0397197 0.0513903
2.4800000 -0.6495864 -1.1093559 -0.7357828 0.4724081 0.0951112 -0.0127130 -0.9545866 -0.0066613 0.0574144
2.5000000 -0.6403294 -1.1074552 -0.7360255 0.4527988 0.0945240 -0.0115115 -1.0036119 -0.0507362 0.0620151
2.5200000 -0.6314744 -1.1055750 -0.7362433 0.4322636 0.0930817 -0.0102324 -1.0469071 -0.0918566 0.0651773
2.5400000 -0.6230388 -1.1037319 -0.7364348 0.4109225 0.0908497 -0.0089044 -1.0839304 -0.1294572 0.0669185
2.5600000 -0.6150375 -1.1019410 -0.7365995 0.3889064 0.0879035 -0.0075557 -1.1141658 -0.1630663 0.0672868
2.5800000 -0.6074826 -1.1002158 -0.7367371 0.3663559 0.0843271 -0.0062130 -1.1371407 -0.1923125 0.0663591
2.6000000 -0.6003833 -1.0985679 -0.7368480 0.3434208 0.0802110 -0.0049013 -1.1524438 -0.2169294 0.0642375
2.6200000 -0.5937458 -1.0970073 -0.7369331 0.3202581 0.0756499 -0.0036435 -1.1597453 -0.2367578 0.0610461
2.6400000 -0.5875730 -1.0955419 -0.7369937 0.2970309 0.0707406 -0.0024595 -1.1588157 -0.2517445 0.0569272
2.6600000 -0.5818645 -1.0941777 -0.7370315 0.2739055 0.0655801 -0.0013664 -1.1495437 -0.2619386 0.0520369
2.6800000 -0.5766167 -1.0929187 -0.7370484 0.2510492 0.0602631 -0.0003780 -1.1319526 -0.2674864 0.0465405
2.7000000 -0.5718226 -1.0917672 -0.7370466 0.2286274 0.0548806 0.0004952 -1.1062119 -0.2686227 0.0406081
2.7200000 -0.5674716 -1.0907235 -0.7370286 0.2068007 0.0495182 0.0012463 -1.0726464 -0.2656616 0.0344100
2.7400000 -0.5635505 -1.0897864 -0.7369968 0.1857216 0.0442542 0.0018716 -1.0317383 -0.2589846 0.0281118
2.7600000 -0.5600428 -1.0889533 -0.7369537 0.1655312 0.0391588 0.0023708 -0.9841252 -0.2490287 0.0218704
2.7800000 -0.5569293 -1.0882201 -0.7369019 0.1463566 0.0342930 0.0027465 -0.9305913 -0.2362734 0.0158305
2.8000000 -0.5541885 -1.0875816 -0.7368438 0.1283075 0.0297079 0.0030040 -0.8720525 -0.2212268 0.0101209
2.8200000 -0.5517970 -1.0870318 -0.7367818 0.1114745 0.0254440 0.0031513 -0.8095361 -0.2044123 0.0048522
2.8400000 -0.5497295 -1.0865638 -0.7367178 0.0959261 0.0215314 0.0031981 -0.7441548 -0.1863554 0.0001147
2.8600000 -0.5479599 -1.0861705 -0.7366538 0.0817083 0.0179897 0.0031559 -0.6770760 -0.1675711 -0.0040224
2.8800000 -0.5464612 -1.0858443 -0.7365916 0.0688431 0.0148285 0.0030372 -0.6094878 -0.1485513 -0.0075115
2.9000000 -0.5452062 -1.0855774 -0.7365323 0.0573287 0.0120477 0.0028554 -0.5425621 -0.1297538 -0.0103264
2.9200000 -0.5441681 -1.0853623 -0.7364773 0.0471406 0.0096384 0.0026242 -0.4774156 -0.1115925 -0.0124611
2.9400000 -0.5433206 -1.0851918 -0.7364274 0.0382321 0.0075840 0.0023570 -0.2227110 -0.0513598 -0.0066794
2.9600000 -0.5426388 -1.0850590 -0.7363831 0.0382321 0.0075840 0.0023570 -0.2227110 -0.0513598 -0.0066794
