0.0000000 -1.2043932 -0.3407371 -1.1652815 -0.0158105 0.0537001 -0.0321758 0.0084523 -0.0094986 0.0565128
0.0200000 -1.2047099 -0.3396669 -1.1659393 -0.0158105 0.0537001 -0.0321758 0.0084523 -0.0094986 0.0565128
0.0400000 -1.2050256 -0.3385891 -1.1665686 -0.0154724 0.0533202 -0.0299152 0.0321660 -0.0601137 0.1573787
0.0600000 -1.2053288 -0.3375341 -1.1671359 -0.0145238 0.0512956 -0.0258806 0.0647666 -0.1484831 0.2508162
0.0800000 -1.2056065 -0.3365373 -1.1676038 -0.0128817 0.0473808 -0.0198826 0.1014410 -0.2490509 0.3532203
0.1000000 -1.2058441 -0.3356389 -1.1679312 -0.0104662 0.0413335 -0.0117518 0.1419769 -0.3615263 0.4634861
0.1200000 -1.2060252 -0.3348839 -1.1680739 -0.0072026 0.0329198 -0.0013432 0.1860627 -0.4853242 0.5802877
0.1400000 -1.2061322 -0.3343221 -1.1679849 -0.0030237 0.0219206 0.0114597 0.2332850 -0.6195491 0.7020917
0.1600000 -1.2061461 -0.3340071 -1.1676155 0.0021288 0.0081378 0.0267405 0.2831277 -0.7629892 0.8271781
0.1800000 -1.2060470 -0.3339966 -1.1669153 0.0083014 -0.0085990 0.0445468 0.3349754 -0.9141224 0.9536659
0.2000000 -1.2058141 -0.3343511 -1.1658336 0.0155278 -0.0284271 0.0648872 0.3881188 -1.0711319 1.0795462
0.2200000 -1.2054259 -0.3351336 -1.1643198 0.0238262 -0.0514443 0.0877287 0.4417642 -1.2319348 1.2027190
0.2400000 -1.2048610 -0.3364088 -1.1623245 0.0331983 -0.0777045 0.1129959 0.4950446 -1.3942189 1.3210358
0.2600000 -1.2040980 -0.3382418 -1.1598000 0.0436280 -0.1072130 0.1405701 0.5470352 -1.5554904 1.4323444
0.2800000 -1.2031159 -0.3406974 -1.1567017 0.0550797 -0.1399241 0.1702897 0.5967693 -1.7131284 1.5345355
0.3000000 -1.2018948 -0.3438388 -1.1529884 0.0674987 -0.1757382 0.2019515 0.6432577 -1.8644456 1.6255897
0.3200000 -1.2004160 -0.3477269 -1.1486236 0.0808101 -0.2145019 0.2353133 0.6855091 -2.0067534 1.7036236
0.3400000 -1.1986624 -0.3524189 -1.1435759 0.0949191 -0.2560083 0.2700965 0.7225509 -2.1374283 1.7669323
0.3600000 -1.1966192 -0.3579672 -1.1378197 0.1097121 -0.2999990 0.3059906 0.7534510 -2.2539780 1.8140286
0.3800000 -1.1942739 -0.3644188 -1.1313362 0.1250571 -0.3461674 0.3426576 0.7773396 -2.3541044 1.8436754
0.4000000 -1.1916169 -0.3718139 -1.1241134 0.1408057 -0.3941632 0.3797376 0.7934300 -2.4357611 1.8549134
0.4200000 -1.1886417 -0.3801854 -1.1161467 0.1567943 -0.4435979 0.4168542 0.8010382 -2.4972038 1.8470799
0.4400000 -1.1853451 -0.3895578 -1.1074393 0.1728472 -0.4940514 0.4536208 0.7996011 -2.5370314 1.8198214
0.4600000 -1.1817278 -0.3999474 -1.0980019 0.1887784 -0.5450791 0.4896470 0.7886927 -2.5542162 1.7730975
0.4800000 -1.1777940 -0.4113610 -1.0878534 0.2043949 -0.5962200 0.5245447 0.7680373 -2.5481224 1.7071779
0.5000000 -1.1735520 -0.4237962 -1.0770201 0.2194999 -0.6470040 0.5579341 0.7375199 -2.5185131 1.6226317
0.5200000 -1.1690140 -0.4372412 -1.0655360 0.2338957 -0.6969605 0.5894500 0.6971935 -2.4655447 1.5203112
0.5400000 -1.1641962 -0.4516746 -1.0534421 0.2473876 -0.7456258 0.6187466 0.6472822 -2.3897498 1.4013289
0.5600000 -1.1591185 -0.4670662 -1.0407862 0.2597870 -0.7925505 0.6455031 0.5881811 -2.2920106 1.2670310
0.5800000 -1.1538047 -0.4833766 -1.0276220 0.2709149 -0.8373062 0.6694278 0.5204514 -2.1735235 1.1189664
0.6000000 -1.1482819 -0.5005584 -1.0140090 0.2806050 -0.8794915 0.6902618 0.4448121 -2.0357565 0.9588546
0.6200000 -1.1425805 -0.5185563 -1.0000115 0.2887073 -0.9187365 0.7077820 0.3621282 -1.8804033 0.7885509
0.6400000 -1.1367336 -0.5373079 -0.9856978 0.2950902 -0.9547076 0.7218038 0.2733945 -1.7093346 0.6100121
0.6600000 -1.1307769 -0.5567446 -0.9711394 0.2996431 -0.9871099 0.7321825 0.1797184 -1.5245495 0.4252630
0.6800000 -1.1247479 -0.5767923 -0.9564105 0.3022789 -1.0156896 0.7388143 0.0822989 -1.3281290 0.2363643
0.7000000 -1.1186857 -0.5973722 -0.9415868 0.3029351 -1.0402350 0.7416370 -0.0175945 -1.1221936 0.0453821
0.7200000 -1.1126305 -0.6184017 -0.9267450 0.3015751 -1.0605773 0.7406296 -0.1186440 -0.9088653 -0.1456386
0.7400000 -1.1066227 -0.6397953 -0.9119616 0.2981893 -1.0765897 0.7358115 -0.2195050 -0.6902356 -0.3346990
0.7600000 -1.1007029 -0.6614653 -0.8973125 0.2927949 -1.0881867 0.7272417 -0.3188272 -0.4683405 -0.5198669
0.7800000 -1.0949109 -0.6833228 -0.8828720 0.2854362 -1.0953233 0.7150168 -0.4152740 -0.2451404 -0.6992954
0.8000000 -1.0892855 -0.7052782 -0.8687119 0.2761840 -1.0979924 0.6992698 -0.5075403 -0.0225073 -0.8712375
0.8200000 -1.0838636 -0.7272424 -0.8549012 0.2651346 -1.0962236 0.6801673 -0.5943688 0.1977832 -1.0340589
0.8400000 -1.0786801 -0.7491272 -0.8415052 0.2524092 -1.0900810 0.6579075 -0.6745639 0.4140554 -1.1862482
0.8600000 -1.0737672 -0.7708457 -0.8285849 0.2381521 -1.0796614 0.6327174 -0.7470043 0.6247339 -1.3264257
0.8800000 -1.0691540 -0.7923136 -0.8161965 0.2225290 -1.0650917 0.6048504 -0.8106546 0.8283401 -1.4533506
0.9000000 -1.0648660 -0.8134494 -0.8043908 0.2057259 -1.0465277 0.5745834 -0.8645752 1.0234890 -1.5659277
0.9200000 -1.0609250 -0.8341747 -0.7932131 0.1879460 -1.0241521 0.5422133 -0.9079315 1.2088841 -1.6632140
0.9400000 -1.0573482 -0.8544154 -0.7827023 0.1694086 -0.9981724 0.5080548 -0.9400026 1.3833134 -1.7444248
0.9600000 -1.0541486 -0.8741016 -0.7728909 0.1503459 -0.9688196 0.4724363 -0.9601895 1.5456462 -1.8089413
0.9800000 -1.0513343 -0.8931682 -0.7638049 0.1310010 -0.9363465 0.4356972 -0.9680230 1.6948318 -1.8563173
1.0000000 -1.0489086 -0.9115555 -0.7554630 0.1116250 -0.9010263 0.3981837 -0.9631704 1.8298999 -1.8862874
1.0200000 -1.0468693 -0.9292093 -0.7478775 0.0924742 -0.8631505 0.3602457 -0.9454429 1.9499643 -1.8987749
1.0400000 -1.0452096 -0.9460815 -0.7410532 0.0738073 -0.8230277 0.3222327 -0.9148006 2.0542279 -1.8938993
1.0600000 -1.0439171 -0.9621304 -0.7349882 0.0558822 -0.7809814 0.2844897 -0.8713579 2.1419916 -1.8719837
1.0800000 -1.0429743 -0.9773208 -0.7296736 0.0389530 -0.7373481 0.2473533 -0.8153870 2.2126646 -1.8335591
1.1000000 -1.0423589 -0.9916243 -0.7250941 0.0232667 -0.6924748 0.2111473 -0.7473194 2.2657771 -1.7793676
1.1200000 -1.0420436 -1.0050198 -0.7212277 0.0090602 -0.6467170 0.1761786 -0.6677466 2.3009951 -1.7103611
1.1400000 -1.0419965 -1.0174930 -0.7180469 -0.0034431 -0.6004350 0.1427329 -0.5774175 2.3181355 -1.6276961
1.1600000 -1.0421814 -1.0290372 -0.7155184 -0.0140365 -0.5539916 0.1110708 -0.4772345 2.3171820 -1.5327232
1.1800000 -1.0425580 -1.0396527 -0.7136041 -0.0225325 -0.5077478 0.0814240 -0.3682462 2.2983008 -1.4269713
1.2000000 -1.0430827 -1.0493471 -0.7122615 -0.0287663 -0.4620595 0.0539919 -0.2516381 2.2618537 -1.3121259
1.2200000 -1.0437086 -1.0581350 -0.7114444 -0.0325980 -0.4172736 0.0289389 -0.1287200 2.2084100 -1.1900016
1.2400000 -1.0443866 -1.0660380 -0.7111039 -0.0339151 -0.3737231 0.0063918 -0.0009111 2.1387538 -1.0625102
1.2600000 -1.0450652 -1.0730840 -0.7111887 -0.0326345 -0.3317235 -0.0135615 0.1302783 2.0538875 -0.9316236
1.2800000 -1.0456920 -1.0793069 -0.7116464 -0.0287040 -0.2915676 -0.0308731 0.2632672 1.9550291 -0.7993348
1.3000000 -1.0462134 -1.0847467 -0.7124237 -0.0221038 -0.2535223 -0.0455349 0.3964265 1.8436047 -0.6676162
1.3200000 -1.0465761 -1.0894478 -0.7134678 -0.0128469 -0.2178234 -0.0575777 0.5281045 1.7212335 -0.5383784
1.3400000 -1.0467273 -1.0934596 -0.7147268 -0.0009796 -0.1846729 -0.0670700 0.6566528 1.5897068 -0.4134303
1.3600000 -1.0466153 -1.0968348 -0.7161506 0.0134192 -0.1542352 -0.0741150 0.7804548 1.4509612 -0.2944418
1.3800000 -1.0461905 -1.0996290 -0.7176914 0.0302386 -0.1266345 -0.0788477 0.8979536 1.3070461 -0.1829111
1.4000000 -1.0454058 -1.1019001 -0.7193045 0.0493373 -0.1019533 -0.0814314 1.0076804 1.1600862 -0.0801368
1.4200000 -1.0442170 -1.1037071 -0.7209486 0.0705458 -0.0802310 -0.0820532 1.1082822 1.0122411 0.0128037
1.4400000 -1.0425839 -1.1051094 -0.7225866 0.0936686 -0.0614637 -0.0809193 1.1985476 0.8656626 0.0950699
1.4600000 -1.0404703 -1.1061657 -0.7241854 0.1184877 -0.0456045 -0.0782504 1.2774309 0.7224507 0.1660660
1.4800000 -1.0378444 -1.1069336 -0.7257166 0.1447658 -0.0325657 -0.0742766 1.3440726 0.5846107 0.2254438
1.5000000 -1.0346796 -1.1074683 -0.7271565 0.1722506 -0.0222201 -0.0692326 1.3978166 0.4540122 0.2730976
1.5200000 -1.0309544 -1.1078224 -0.7284859 0.2006785 -0.0144052 -0.0633527 1.4382220 0.3323505 0.3091548
1.5400000 -1.0266525 -1.1080445 -0.7296906 0.2297795 -0.0089261 -0.0568664 1.4650712 0.2211130 0.3339600
1.5600000 -1.0217632 -1.1081794 -0.7307606 0.2592813 -0.0055607 -0.0499943 1.4783709 0.1215501 0.3480558
1.5800000 -1.0162813 -1.1082669 -0.7316904 0.2889143 -0.0040641 -0.0429442 1.4783483 0.0346525 0.3521596
1.6000000 -1.0102067 -1.1083420 -0.7324783 0.3184153 -0.0041746 -0.0359079 1.4654404 -0.0388659 0.3471377
1.6200000 -1.0035446 -1.1084339 -0.7331267 0.3475319 -0.0056187 -0.0290587 1.4402786 -0.0985777 0.3339779
1.6400000 -0.9963054 -1.1085667 -0.7336407 0.3760264 -0.0081177 -0.0225488 1.4036665 -0.1443452 0.3137605
1.6600000 -0.9885036 -1.1087586 -0.7340286 0.4036786 -0.0113925 -0.0165083 1.3565543 -0.1763164 0.2876301
1.6800000 -0.9801582 -1.1090224 -0.7343010 0.4302886 -0.0151703 -0.0110436 1.3000082 -0.1949147 0.2567670
1.7000000 -0.9712920 -1.1093655 -0.7344704 0.4556789 -0.0191891 -0.0062376 1.2351776 -0.2008218 0.2223596
1.7200000 -0.9619311 -1.1097900 -0.7345505 0.4796957 -0.0232032 -0.0021492 1.1632608 -0.1949550 0.1855797
1.7400000 -0.9521042 -1.1102936 -0.7345563 0.5022094 -0.0269873 0.0011856 1.0854697 -0.1784395 0.1475576
1.7600000 -0.9418427 -1.1108695 -0.7345031 0.5231145 -0.0303408 0.0037531 1.0029965 -0.1525763 0.1093618
1.7800000 -0.9311796 -1.1115072 -0.7344062 0.5423292 -0.0330904 0.0055601 0.9169819 -0.1188062 0.0719797
1.8000000 -0.9201495 -1.1121931 -0.7342807 0.5597938 -0.0350930 0.0066323 0.8284879 -0.0786721 0.0363021
1.8200000 -0.9087879 -1.1129109 -0.7341409 0.5754687 -0.0362373 0.0070122 0.7384737 -0.0337799 0.0031096
1.8400000 -0.8971308 -1.1136426 -0.7340002 0.5893327 -0.0364442 0.0067567 0.6477786 0.0142418 -0.0269367
1.8600000 -0.8852146 -1.1143687 -0.7338707 0.6013799 -0.0356676 0.0059347 0.5571098 0.0637796 -0.0533023
1.8800000 -0.8730756 -1.1150693 -0.7337628 0.6116171 -0.0338930 0.0046246 0.4670366 0.1132733 -0.0755837
1.9000000 -0.8607499 -1.1157244 -0.7336857 0.6200613 -0.0311367 0.0029113 0.3779914 0.1612495 -0.0935085
1.9200000 -0.8482731 -1.1163148 -0.7336464 0.6267368 -0.0274430 0.0008842 0.2902757 0.2063528 -0.1069342
1.9400000 -0.8356804 -1.1168221 -0.7336503 0.6316724 -0.0228825 -0.0013660 0.2040721 0.2473729 -0.1158430
1.9600000 -0.8230062 -1.1172301 -0.7337010 0.6348996 -0.0175481 -0.0037495 0.1194607 0.2832664 -0.1203348
1.9800000 -0.8102844 -1.1175241 -0.7338003 0.6364508 -0.0115519 -0.0061794 0.0364389 0.3131740 -0.1206178
2.0000000 -0.7975482 -1.1176921 -0.7339482 0.6363572 -0.0050212 -0.0085742 -0.0450563 0.3364330 -0.1169967
2.0200000 -0.7848301 -1.1177249 -0.7341432 0.6346485 0.0019054 -0.0108593 -0.1251242 0.3525838 -0.1098591
2.0400000 -0.7721623 -1.1176159 -0.7343826 0.6313522 0.0090822 -0.0129686 -0.2038771 0.3613715 -0.0996608
2.0600000 -0.7595761 -1.1173616 -0.7346620 0.6264935 0.0163603 -0.0148457 -0.2814168 0.3627425 -0.0869099
2.0800000 -0.7471025 -1.1169615 -0.7349764 0.6200956 0.0235919 -0.0164450 -0.3578137 0.3568363 -0.0721497
2.1000000 -0.7347722 -1.1164180 -0.7353198 0.6121809 0.0306337 -0.0177317 -0.4330884 0.3439726 -0.0559420
2.1200000 -0.7226153 -1.1157362 -0.7356857 0.6027720 0.0373508 -0.0186826 -0.5071963 0.3246352 -0.0388508
2.1400000 -0.7106614 -1.1149239 -0.7360671 0.5918931 0.0436192 -0.0192857 -0.5800159 0.2994513 -0.0214255
2.1600000 -0.6989396 -1.1139914 -0.7364571 0.5795714 0.0493288 -0.0195397 -0.6513416 0.2691689 -0.0041868
2.1800000 -0.6874785 -1.1129508 -0.7368487 0.5658394 0.0543859 -0.0194532 -0.7208796 0.2346318 0.0123866
2.2000000 -0.6763060 -1.1118160 -0.7372352 0.5507362 0.0587141 -0.0190442 -0.7882487 0.1967532 0.0278695
2.2200000 -0.6654491 -1.1106022 -0.7376104 0.5343094 0.0622560 -0.0183384 -0.8529842 0.1564881 0.0418991
2.2400000 -0.6549336 -1.1093257 -0.7379688 0.5166168 0.0649736 -0.0173682 -0.9145463 0.1148071 0.0541811
2.2600000 -0.6447844 -1.1080033 -0.7383052 0.4977276 0.0668483 -0.0161712 -0.9723308 0.0726699 0.0644942
2.2800000 -0.6350245 -1.1066518 -0.7386156 0.4777236 0.0678804 -0.0147885 -1.0256844 0.0310011 0.0726914
2.3000000 -0.6256754 -1.1052880 -0.7388967 0.4567002 0.0680884 -0.0132635 -1.0739216 -0.0093321 0.0786987
2.3200000 -0.6167565 -1.1039282 -0.7391461 0.4347667 0.0675072 -0.0116405 -1.1163446 -0.0475387 0.0825124
2.3400000 -0.6082848 -1.1025878 -0.7393623 0.4120464 0.0661868 -0.0099630 -1.1522655 -0.0829205 0.0841935
2.3600000 -0.6002746 -1.1012808 -0.7395447 0.3886761 0.0641903 -0.0082728 -1.1810295 -0.1148843 0.0838609
2.3800000 -0.5927377 -1.1000201 -0.7396933 0.3648052 0.0615914 -0.0066086 -1.2020397 -0.1429510 0.0816832
2.4000000 -0.5856824 -1.0988171 -0.7398090 0.3405945 0.0584723 -0.0050055 -1.2147817 -0.1667608 0.0778696
2.4200000 -0.5791139 -1.0976812 -0.7398935 0.3162140 0.0549210 -0.0034938 -1.2188476 -0.1860754 0.0726602
2.4400000 -0.5730339 -1.0966203 -0.7399488 0.2918406 0.0510293 -0.0020990 -1.2139587 -0.2007766 0.0663157
2.4600000 -0.5674403 -1.0956401 -0.7399774 0.2676556 0.0468899 -0.0008412 -1.1999859 -0.2108616 0.0591080
2.4800000 -0.5623277 -1.0947447 -0.7399824 0.2438412 0.0425948 0.0002653 -1.1769661 -0.2164370 0.0513103
2.5000000 -0.5576867 -1.0939363 -0.7399668 0.2205770 0.0382325 0.0012112 -1.1451147 -0.2177091 0.0431890
2.5200000 -0.5535046 -1.0932154 -0.7399340 0.1980366 0.0338864 0.0019928 -1.1048322 -0.2149737 0.0349953
2.5400000 -0.5497652 -1.0925808 -0.7398871 0.1763837 0.0296335 0.0026110 -1.0567057 -0.2086035 0.0269587
2.5600000 -0.5464492 -1.0920300 -0.7398295 0.1557684 0.0255423 0.0030712 -1.0015027 -0.1990351 0.0192820
2.5800000 -0.5435345 -1.0915591 -0.7397643 0.1363236 0.0216721 0.0033823 -0.9401589 -0.1867549 0.0121367
2.6000000 -0.5409963 -1.0911632 -0.7396942 0.1181620 0.0180721 0.0035566 -0.8737591 -0.1722847 0.0056608
2.6200000 -0.5388080 -1.0908362 -0.7396220 0.1013732 0.0147807 0.0036088 -0.8035108 -0.1561669 -0.0000426
2.6400000 -0.5369414 -1.0905719 -0.7395499 0.0860216 0.0118254 0.0035549 -0.7307128 -0.1389500 -0.0049052
2.6600000 -0.5353671 -1.0903632 -0.7394798 0.0721447 0.0092227 0.0034125 -0.6567181 -0.1211744 -0.0088922
2.6800000 -0.5340556 -1.0902030 -0.7394134 0.0597529 0.0069785 0.0031993 -0.5828927 -0.1033580 -0.0120001
2.7000000 -0.5329770 -1.0900841 -0.7393518 0.0488290 0.0050884 0.0029325 -0.5105718 -0.0859834 -0.0142530
2.7200000 -0.5321024 -1.0899995 -0.7392961 0.0393300 0.0035391 0.0026291 -0.4410140 -0.0694855 -0.0156986
2.7400000 -0.5314038 -1.0899425 -0.7392467 0.0311884 0.0023090 0.0023046 -0.2035385 -0.0307534 -0.0081135
2.7600000 -0.5308549 -1.0899071 -0.7392039 0.0311884 0.0023090 0.0023046 -0.2035385 -0.0307534 -0.0081135
