0.0000000 -1.2032330 -0.3360648 -1.1690285 -0.0141137 0.0118060 -0.0071971 -0.0169167 -0.0761677 0.0906566
0.0200000 -1.2035083 -0.3358061 -1.1691995 -0.0141137 0.0118060 -0.0071971 -0.0169167 -0.0761677 0.0906566
0.0400000 -1.2037975 -0.3355925 -1.1693164 -0.0147903 0.0087593 -0.0035708 -0.0326345 -0.1941849 0.2301167
0.0600000 -1.2041000 -0.3354557 -1.1693423 -0.0154190 0.0040386 0.0020076 -0.0292946 -0.2823634 0.3327720
0.0800000 -1.2044143 -0.3354310 -1.1692361 -0.0159621 -0.0025353 0.0097400 -0.0239187 -0.3789933 0.4448325
0.1000000 -1.2047384 -0.3355571 -1.1689527 -0.0163758 -0.0111212 0.0198009 -0.0162450 -0.4829370 0.5647732
0.1200000 -1.2050693 -0.3358758 -1.1684441 -0.0166119 -0.0218527 0.0323310 -0.0061016 -0.5928354 0.6908093
0.1400000 -1.2054029 -0.3364312 -1.1676595 -0.0166199 -0.0348346 0.0474332 0.0065820 -0.7071613 0.8209487
0.1600000 -1.2057341 -0.3372692 -1.1665467 -0.0163486 -0.0501392 0.0651689 0.0217712 -0.8242801 0.9530503
0.1800000 -1.2060569 -0.3384368 -1.1650527 -0.0157490 -0.0678058 0.0855552 0.0393285 -0.9425073 1.0848759
0.2000000 -1.2063641 -0.3399814 -1.1631245 -0.0147755 -0.0878395 0.1085640 0.0590201 -1.0601615 1.2141368
0.2200000 -1.2066479 -0.3419504 -1.1607102 -0.0133882 -0.1102122 0.1341207 0.0805250 -1.1756206 1.3385466
0.2400000 -1.2068996 -0.3443899 -1.1577597 -0.0115545 -0.1348643 0.1621058 0.1034414 -1.2873833 1.4558868
0.2600000 -1.2071101 -0.3473450 -1.1542259 -0.0092505 -0.1617076 0.1923562 0.1272951 -1.3941292 1.5640742
0.2800000 -1.2072696 -0.3508582 -1.1500654 -0.0064627 -0.1906295 0.2246688 0.1515508 -1.4947625 1.6612148
0.3000000 -1.2073686 -0.3549701 -1.1452392 -0.0031885 -0.2214981 0.2588048 0.1756293 -1.5884351 1.7456375
0.3200000 -1.2073972 -0.3597182 -1.1397132 0.0005625 -0.2541669 0.2944943 0.1989259 -1.6745493 1.8159121
0.3400000 -1.2073461 -0.3651368 -1.1334594 0.0047685 -0.2884800 0.3314413 0.2208311 -1.7527403 1.8708505
0.3600000 -1.2072064 -0.3712574 -1.1264556 0.0093957 -0.3242765 0.3693283 0.2407491 -1.8228381 1.9094922
0.3800000 -1.2069702 -0.3781079 -1.1186863 0.0143985 -0.3613936 0.4078210 0.2581168 -1.8848057 1.9310727
0.4000000 -1.2066305 -0.3857131 -1.1101428 0.0197204 -0.3996687 0.4465712 0.2724188 -1.9386556 1.9349738
0.4200000 -1.2061814 -0.3940946 -1.1008234 0.0252952 -0.4389398 0.4852199 0.2831997 -1.9843442 1.9206563
0.4400000 -1.2056187 -0.4032707 -1.0907340 0.0310484 -0.4790425 0.5233975 0.2900715 -2.0216462 1.8875754
0.4600000 -1.2049395 -0.4132563 -1.0798875 0.0368981 -0.5198056 0.5607229 0.2927161 -2.0500167 1.8350867
0.4800000 -1.2041428 -0.4240629 -1.0683050 0.0427570 -0.5610432 0.5968009 0.2908861 -2.0684823 1.7623804
0.5000000 -1.2032292 -0.4356980 -1.0560155 0.0485335 -0.6025449 0.6312181 0.2844094 -2.0756420 1.6685271
0.5200000 -1.2022014 -0.4481647 -1.0430563 0.0541334 -0.6440688 0.6635420 0.2732036 -2.0698384 1.5526919
0.5400000 -1.2010639 -0.4614608 -1.0294738 0.0594617 -0.6853385 0.6933258 0.2572958 -2.0494312 1.4144446
0.5600000 -1.1998229 -0.4755783 -1.0153233 0.0644252 -0.7260461 0.7201198 0.2368346 -2.0130175 1.2539995
0.5800000 -1.1984869 -0.4905026 -1.0006690 0.0689351 -0.7658592 0.7434858 0.2120878 -1.9595177 1.0723007
0.6000000 -1.1970655 -0.5062126 -0.9855839 0.0729088 -0.8044268 0.7630118 0.1834274 -1.8881657 0.8709906
0.6200000 -1.1955705 -0.5226797 -0.9701485 0.0762722 -0.8413858 0.7783254 0.1513092 -1.7984809 0.6523387
0.6400000 -1.1940147 -0.5398681 -0.9544508 0.0789611 -0.8763660 0.7891054 0.1162501 -1.6902546 0.4191660
0.6600000 -1.1924121 -0.5577344 -0.9385843 0.0809222 -0.9089960 0.7950921 0.0788047 -1.5635630 0.1747742
0.6800000 -1.1907778 -0.5762279 -0.9226472 0.0821133 -0.9389086 0.7960963 0.0395438 -1.4188059 -0.0771181
0.7000000 -1.1891275 -0.5952907 -0.9067405 0.0825039 -0.9657482 0.7920073 -0.0009646 -1.2567732 -0.3324293
0.7200000 -1.1874776 -0.6148578 -0.8909669 0.0820747 -0.9891795 0.7827992 -0.0421706 -1.0787385 -0.5867584
0.7400000 -1.1858445 -0.6348579 -0.8754285 0.0808171 -1.0088977 0.7685370 -0.0835522 -0.8865676 -0.8354225
0.7600000 -1.1842449 -0.6552137 -0.8602254 0.0787326 -1.0246422 0.7493823 -0.1246241 -0.6827897 -1.0735254
0.7800000 -1.1826952 -0.6758436 -0.8454532 0.0758321 -1.0362093 0.7255960 -0.1649510 -0.4705131 -1.2961365
0.8000000 -1.1812116 -0.6966621 -0.8312015 0.0721346 -1.0434627 0.6975368 -0.2041679 -0.2531117 -1.4986258
0.8200000 -1.1798099 -0.7175821 -0.8175517 0.0676654 -1.0463338 0.6656510 -0.2420006 -0.0337953 -1.6770587
0.8400000 -1.1785050 -0.7385155 -0.8045755 0.0624546 -1.0448145 0.6304545 -0.2782669 0.1847014 -1.8284735
0.8600000 -1.1773117 -0.7593747 -0.7923336 0.0565348 -1.0389457 0.5925120 -0.3128548 0.4001969 -1.9509580
0.8800000 -1.1762436 -0.7800733 -0.7808750 0.0499404 -1.0288066 0.5524161 -0.3456833 0.6109754 -2.0435865
0.9000000 -1.1753141 -0.8005269 -0.7702369 0.0427074 -1.0145067 0.5107686 -0.3766570 0.8156518 -2.1063060
0.9200000 -1.1745353 -0.8206536 -0.7604443 0.0348741 -0.9961806 0.4681639 -0.4056206 1.0130416 -2.1398148
0.9400000 -1.1739191 -0.8403741 -0.7515104 0.0264826 -0.9739851 0.4251760 -0.4323141 1.2020489 -2.1454431
0.9600000 -1.1734760 -0.8596130 -0.7434372 0.0175815 -0.9480986 0.3823462 -0.4563339 1.3815746 -2.1250381
0.9800000 -1.1732158 -0.8782981 -0.7362165 0.0082292 -0.9187221 0.3401744 -0.4770983 1.5504464 -2.0808551
1.0000000 -1.1731469 -0.8963618 -0.7298303 -0.0015024 -0.8860808 0.2991120 -0.4938224 1.7073732 -2.0154569
1.0200000 -1.1732759 -0.9137413 -0.7242520 -0.0115237 -0.8504272 0.2595562 -0.5055014 1.8509224 -1.9316218
1.0400000 -1.1736078 -0.9303789 -0.7194480 -0.0217225 -0.8120439 0.2218471 -0.5109063 1.9795218 -1.8322606
1.0600000 -1.1741448 -0.9462231 -0.7153782 -0.0319599 -0.7712463 0.1862657 -0.5085913 2.0914837 -1.7203426
1.0800000 -1.1748862 -0.9612288 -0.7119974 -0.0420661 -0.7283845 0.1530334 -0.4969148 2.1850508 -1.5988304
1.1000000 -1.1758275 -0.9753585 -0.7092568 -0.0518365 -0.6838442 0.1223125 -0.4740741 2.2584622 -1.4706216
1.1200000 -1.1769597 -0.9885825 -0.7071049 -0.0610291 -0.6380460 0.0942085 -0.4381544 2.3100351 -1.3384979
1.1400000 -1.1782686 -1.0008803 -0.7054885 -0.0693627 -0.5914428 0.0687726 -0.3871909 2.3382632 -1.2050791
1.1600000 -1.1797342 -1.0122403 -0.7043540 -0.0765167 -0.5445155 0.0460054 -0.3192445 2.3419241 -1.0727808
1.1800000 -1.1813293 -1.0226609 -0.7036483 -0.0821325 -0.4977659 0.0258614 -0.2324887 2.3201966 -0.9437768
1.2000000 -1.1830195 -1.0321509 -0.7033195 -0.0858163 -0.4517076 0.0082543 -0.1253066 2.2727819 -0.8199617
1.2200000 -1.1847619 -1.0407292 -0.7033181 -0.0871447 -0.4068546 -0.0069371 0.0036036 2.2000252 -0.7029171
1.2400000 -1.1865053 -1.0484251 -0.7035970 -0.0856721 -0.3637066 -0.0198624 0.1551188 2.1030332 -0.5938781
1.2600000 -1.1881888 -1.0552775 -0.7041126 -0.0809400 -0.3227333 -0.0306922 0.3295767 1.9837633 -0.4937053
1.2800000 -1.1897429 -1.0613344 -0.7048247 -0.0724890 -0.2843561 -0.0396106 0.5266574 1.8450447 -0.4028664
1.3000000 -1.1910884 -1.0666517 -0.7056970 -0.0598737 -0.2489315 -0.0468069 0.7452614 1.6904934 -0.3214384
1.3200000 -1.1921378 -1.0712917 -0.7066970 -0.0426786 -0.2167364 -0.0524681 0.9833896 1.5243233 -0.2491332
1.3400000 -1.1927955 -1.0753212 -0.7077957 -0.0205381 -0.1879585 -0.0567722 1.2380360 1.3510956 -0.1853490
1.3600000 -1.1929593 -1.0788100 -0.7089679 0.0068429 -0.1626925 -0.0598821 1.5051074 1.1754534 -0.1292410
1.3800000 -1.1925218 -1.0818289 -0.7101910 0.0396662 -0.1409404 -0.0619418 1.7793849 1.0018881 -0.0798054
1.4000000 -1.1913727 -1.0844476 -0.7114455 0.0780182 -0.1226170 -0.0630743 2.0545395 0.8345391 -0.0359740
1.4200000 -1.1894011 -1.0867336 -0.7127140 0.1218478 -0.1075588 -0.0633808 2.3232109 0.6769933 0.0032764
1.4400000 -1.1864988 -1.0887500 -0.7139808 0.1709467 -0.0955373 -0.0629432 2.5771616 0.5320689 0.0387995
1.4600000 -1.1825632 -1.0905551 -0.7152317 0.2249343 -0.0862761 -0.0618288 2.8075193 0.4016378 0.0711596
1.4800000 -1.1775014 -1.0922010 -0.7164539 0.2832475 -0.0794718 -0.0600969 3.0051068 0.2865783 0.1005510
1.5000000 -1.1712333 -1.0937339 -0.7176356 0.3451385 -0.0748130 -0.0578068 3.1608169 0.1869327 0.1268125
1.5200000 -1.1636959 -1.0951935 -0.7187662 0.4096801 -0.0719945 -0.0550244 3.2659823 0.1022685 0.1495625
1.5400000 -1.1548461 -1.0966137 -0.7198366 0.4757778 -0.0707222 -0.0518243 3.3127462 0.0320989 0.1683984
1.5600000 -1.1446647 -1.0980224 -0.7208392 0.5421900 -0.0707105 -0.0482884 3.2944987 -0.0238420 0.1830510
1.5800000 -1.1331585 -1.0994421 -0.7217681 0.6075578 -0.0716759 -0.0445022 3.2064306 -0.0655521 0.1934353
1.6000000 -1.1203624 -1.1008895 -0.7226193 0.6704472 -0.0733326 -0.0405510 3.0462040 -0.0928748 0.1996278
1.6200000 -1.1063406 -1.1023754 -0.7233901 0.7294059 -0.0753909 -0.0365171 2.8147163 -0.1056707 0.2018169
1.6400000 -1.0911862 -1.1039051 -0.7240799 0.7830359 -0.0775594 -0.0324783 2.5169397 -0.1040032 0.2002524
1.6600000 -1.0750192 -1.1054778 -0.7246893 0.8300835 -0.0795510 -0.0285070 2.1627626 -0.0883209 0.1951990
1.6800000 -1.0579829 -1.1070871 -0.7252202 0.8695464 -0.0810923 -0.0246704 1.7674290 -0.0596066 0.1869039
1.7000000 -1.0402373 -1.1087215 -0.7256761 0.9007807 -0.0819353 -0.0210309 1.3507059 -0.0194211 0.1755919
1.7200000 -1.0219516 -1.1103646 -0.7260615 0.9235746 -0.0818691 -0.0176467 0.9342246 0.0302114 0.1614985
1.7400000 -1.0032944 -1.1119963 -0.7263820 0.9381497 -0.0807268 -0.0145709 0.5378789 0.0870256 0.1449208
1.7600000 -0.9844256 -1.1135936 -0.7266443 0.9450898 -0.0783881 -0.0118499 0.1770996 0.1487152 0.1262512
1.7800000 -0.9654908 -1.1151318 -0.7268560 0.9452336 -0.0747782 -0.0095209 -0.1380597 0.2130338 0.1059787
1.8000000 -0.9466163 -1.1165848 -0.7270251 0.9395674 -0.0698667 -0.0076107 -0.4025265 0.2778190 0.0846668
1.8200000 -0.9279081 -1.1179265 -0.7271604 0.9291326 -0.0636655 -0.0061342 -0.6153423 0.3409929 0.0629268
1.8400000 -0.9094510 -1.1191314 -0.7272705 0.9149537 -0.0562270 -0.0050936 -0.7787275 0.4005651 0.0413919
1.8600000 -0.8913099 -1.1201755 -0.7273641 0.8979835 -0.0476429 -0.0044785 -0.8971824 0.4546454 0.0206931
1.8800000 -0.8735317 -1.1210371 -0.7274496 0.8790664 -0.0380412 -0.0042659 -0.9766915 0.5014729 0.0014369
1.9000000 -0.8561473 -1.1216972 -0.7275348 0.8589158 -0.0275839 -0.0044211 -1.0240820 0.5394626 -0.0158171
1.9200000 -0.8391750 -1.1221405 -0.7276265 0.8381031 -0.0164627 -0.0048986 -1.0465046 0.5672647 -0.0305778
1.9400000 -0.8226232 -1.1223557 -0.7277307 0.8170556 -0.0048934 -0.0056442 -1.0509798 0.5838212 -0.0424422
1.9600000 -0.8064928 -1.1223362 -0.7278522 0.7960639 0.0068902 -0.0065963 -1.0440143 0.5884162 -0.0511133
1.9800000 -0.7907806 -1.1220801 -0.7279946 0.7752951 0.0186433 -0.0076887 -1.0313282 0.5807146 -0.0564135
2.0000000 -0.7754810 -1.1215905 -0.7281598 0.7548108 0.0301187 -0.0088528 -1.0176945 0.5607884 -0.0582952
2.0200000 -0.7605882 -1.1208753 -0.7283487 0.7345873 0.0410748 -0.0100205 -1.0068588 0.5291242 -0.0568440
2.0400000 -0.7460975 -1.1199475 -0.7285606 0.7145364 0.0512837 -0.0111266 -1.0015199 0.4866086 -0.0522760
2.0600000 -0.7320067 -1.1188240 -0.7287937 0.6945265 0.0605392 -0.0121116 -1.0033680 0.4344937 -0.0449278
2.0800000 -0.7183164 -1.1175259 -0.7290451 0.6744017 0.0686635 -0.0129237 -1.0131788 0.3743412 -0.0352386
2.1000000 -0.7050306 -1.1160774 -0.7293107 0.6539993 0.0755128 -0.0135211 -1.0309567 0.3079502 -0.0237270
2.1200000 -0.6921565 -1.1145054 -0.7295859 0.6331634 0.0809815 -0.0138728 -1.0560985 0.2372750 -0.0109627
2.1400000 -0.6797041 -1.1128382 -0.7298656 0.6117554 0.0850038 -0.0139596 -1.0875371 0.1643429 0.0024617
2.1600000 -0.6676863 -1.1111052 -0.7301443 0.5896620 0.0875552 -0.0137743 -1.1238519 0.0911766 0.0159589
2.1800000 -0.6561176 -1.1093360 -0.7304166 0.5668013 0.0886509 -0.0133213 -1.1633786 0.0197205 0.0289724
2.2000000 -0.6450142 -1.1075592 -0.7306772 0.5431268 0.0883440 -0.0126154 -1.2043193 -0.0482272 0.0410001
2.2200000 -0.6343926 -1.1058022 -0.7309212 0.5186286 0.0867218 -0.0116813 -1.2448127 -0.1110668 0.0516118
2.2400000 -0.6242691 -1.1040903 -0.7311444 0.4933343 0.0839013 -0.0105510 -1.2829788 -0.1674347 0.0604619
2.2600000 -0.6146592 -1.1024462 -0.7313432 0.4673094 0.0800244 -0.0092628 -1.3170045 -0.2162378 0.0672973
2.2800000 -0.6055767 -1.1008893 -0.7315149 0.4406541 0.0752518 -0.0078591 -1.3452686 -0.2566851 0.0719626
2.3000000 -0.5970330 -1.0994361 -0.7316576 0.4134987 0.0697570 -0.0063843 -1.3664204 -0.2883014 0.0743995
2.3200000 -0.5890367 -1.0980991 -0.7317703 0.3859973 0.0637198 -0.0048831 -1.3793658 -0.3109156 0.0746419
2.3400000 -0.5815931 -1.0968873 -0.7318529 0.3583240 0.0573204 -0.0033986 -1.3832078 -0.3246333 0.0728066
2.3600000 -0.5747038 -1.0958062 -0.7319062 0.3306690 0.0507344 -0.0019708 -1.3772272 -0.3298065 0.0690813
2.3800000 -0.5683664 -1.0948579 -0.7319318 0.3032349 0.0441281 -0.0006353 -1.3609413 -0.3270066 0.0637105
2.4000000 -0.5625744 -1.0940411 -0.7319316 0.2762313 0.0376542 0.0005776 -1.3342021 -0.3169988 0.0569803
2.4200000 -0.5573171 -1.0933518 -0.7319086 0.2498669 0.0314482 0.0016439 -1.2972555 -0.3007089 0.0492031
2.4400000 -0.5525797 -1.0927832 -0.7318659 0.2243411 0.0256258 0.0025457 -1.2507261 -0.2791832 0.0407035
2.4600000 -0.5483435 -1.0923267 -0.7318068 0.1998378 0.0202808 0.0032720 -1.1955521 -0.2535435 0.0318061
2.4800000 -0.5445862 -1.0919720 -0.7317350 0.1765190 0.0154841 0.0038180 -1.1329084 -0.2249451 0.0228244
2.5000000 -0.5412827 -1.0917074 -0.7316541 0.1545215 0.0112830 0.0041850 -1.0641313 -0.1945384 0.0140523
2.5200000 -0.5384053 -1.0915206 -0.7315676 0.1339538 0.0077025 0.0043801 -0.9906486 -0.1634343 0.0057561
2.5400000 -0.5359245 -1.0913993 -0.7314789 0.1148955 0.0047457 0.0044152 -0.9139126 -0.1326757 -0.0018309
2.5600000 -0.5338095 -1.0913308 -0.7313910 0.0973973 0.0023955 0.0043068 -0.8353360 -0.1032111 -0.0085124
2.5800000 -0.5320287 -1.0913034 -0.7313066 0.0814821 0.0006172 0.0040747 -0.3978798 -0.0444571 -0.0058023
2.6000000 -0.5305502 -1.0913061 -0.7312280 0.0814821 0.0006172 0.0040747 -0.3978798 -0.0444571 -0.0058023
