0.0000000 -1.2039931 -0.3428462 -1.1642098 -0.0168006 0.0419337 -0.0208296 -0.0249299 0.0605891 0.0016078
0.0200000 -1.2043172 -0.3420343 -1.1646227 -0.0168006 0.0419337 -0.0208296 -0.0249299 0.0605891 0.0016078
0.0400000 -1.2046651 -0.3411688 -1.1650430 -0.0177978 0.0443573 -0.0207653 -0.0390654 0.1060454 0.0269609
0.0600000 -1.2050291 -0.3402600 -1.1654533 -0.0183633 0.0461756 -0.0197512 -0.0146635 0.0706725 0.0782023
0.0800000 -1.2053996 -0.3393218 -1.1658331 -0.0183844 0.0471842 -0.0176372 0.0155435 0.0245659 0.1368589
0.1000000 -1.2057645 -0.3383726 -1.1661588 -0.0177415 0.0471582 -0.0142768 0.0518589 -0.0331960 0.2026652
0.1200000 -1.2061093 -0.3374355 -1.1664041 -0.0163100 0.0458564 -0.0095306 0.0944690 -0.1032796 0.2751735
0.1400000 -1.2064169 -0.3365384 -1.1665400 -0.0139628 0.0430270 -0.0032699 0.1434292 -0.1860608 0.3537604
0.1600000 -1.2066678 -0.3357144 -1.1665349 -0.0105729 0.0384139 0.0046198 0.1986538 -0.2816047 0.4376354
0.1800000 -1.2068398 -0.3350018 -1.1663552 -0.0060166 0.0317628 0.0142355 0.2599042 -0.3896542 0.5258461
0.2000000 -1.2069085 -0.3344439 -1.1659655 -0.0001767 0.0228278 0.0256537 0.3267745 -0.5096213 0.6172729
0.2200000 -1.2068469 -0.3340887 -1.1653291 0.0070544 0.0113780 0.0389265 0.3986728 -0.6405744 0.7106152
0.2400000 -1.2066263 -0.3339887 -1.1644084 0.0157702 -0.0027952 0.0540783 0.4748035 -0.7812241 0.8043811
0.2600000 -1.2062161 -0.3342005 -1.1631659 0.0260465 -0.0198710 0.0711017 0.5541600 -0.9299122 0.8969015
0.2800000 -1.2055844 -0.3347836 -1.1615644 0.0379366 -0.0399917 0.0899543 0.6355342 -1.0846144 0.9863816
0.3000000 -1.2046986 -0.3358002 -1.1595678 0.0514679 -0.0632556 0.1105570 0.7175449 -1.2429668 1.0709889
0.3200000 -1.2035257 -0.3373138 -1.1571421 0.0666384 -0.0897104 0.1327939 0.7986799 -1.4023187 1.1489549
0.3400000 -1.2020331 -0.3393886 -1.1542560 0.0834151 -0.1193483 0.1565152 0.8773413 -1.5598086 1.2186683
0.3600000 -1.2001891 -0.3420877 -1.1508815 0.1017321 -0.1521027 0.1815406 0.9518929 -1.7124599 1.2787511
0.3800000 -1.1979638 -0.3454727 -1.1469944 0.1214908 -0.1878467 0.2076652 1.0207109 -1.8572896 1.3281229
0.4000000 -1.1953295 -0.3496016 -1.1425749 0.1425605 -0.2263943 0.2346655 1.0822386 -1.9914299 1.3660589
0.4200000 -1.1922614 -0.3545285 -1.1376078 0.1647803 -0.2675039 0.2623076 1.1350399 -2.1122437 1.3922301
0.4400000 -1.1887383 -0.3603018 -1.1320826 0.1879621 -0.3108841 0.2903547 1.1778284 -2.2174009 1.4066897
0.4600000 -1.1847429 -0.3669638 -1.1259936 0.2118935 -0.3561999 0.3185752 1.2094596 -2.3048852 1.4097826
0.4800000 -1.1802625 -0.3745498 -1.1193396 0.2363405 -0.4030795 0.3467460 1.2288980 -2.3729520 1.4020048
0.5000000 -1.1752893 -0.3830870 -1.1121237 0.2610494 -0.4511180 0.3746553 1.2351952 -2.4200910 1.3838801
0.5200000 -1.1698206 -0.3925945 -1.1043534 0.2857483 -0.4998831 0.4021013 1.2275017 -2.4450307 1.3558944
0.5400000 -1.1638593 -0.4030823 -1.0960397 0.3101495 -0.5489193 0.4288911 1.2051027 -2.4467747 1.3184744
0.5600000 -1.1574146 -0.4145513 -1.0871977 0.3339524 -0.5977541 0.4548402 1.1674651 -2.4246451 1.2719869
0.5800000 -1.1505013 -0.4269925 -1.0778461 0.3568481 -0.6459051 0.4797706 1.1142840 -2.3783234 1.2167449
0.6000000 -1.1431407 -0.4403875 -1.0680069 0.3785238 -0.6928870 0.5035100 1.0455291 -2.3078850 1.1530206
0.6200000 -1.1353603 -0.4547080 -1.0577057 0.3986692 -0.7382205 0.5258914 0.9614869 -2.2138299 1.0810662
0.6400000 -1.1271939 -0.4699163 -1.0469712 0.4169832 -0.7814402 0.5467527 0.8627995 -2.0971074 1.0011422
0.6600000 -1.1186810 -0.4859656 -1.0358356 0.4331812 -0.8221048 0.5659371 0.7504965 -1.9591390 0.9135547
0.6800000 -1.1098666 -0.5028005 -1.0243337 0.4470031 -0.8598058 0.5832949 0.6260197 -1.8018367 0.8187009
0.7000000 -1.1008008 -0.5203578 -1.0125038 0.4582220 -0.8941782 0.5986851 0.4912388 -1.6276205 0.7171211
0.7200000 -1.0915378 -0.5385676 -1.0003863 0.4666527 -0.9249106 0.6119797 0.3484576 -1.4394338 0.6095579
0.7400000 -1.0821347 -0.5573542 -0.9880246 0.4721603 -0.9517556 0.6230675 0.2004055 -1.2407492 0.4970139
0.7600000 -1.0726513 -0.5766378 -0.9754636 0.4746689 -0.9745406 0.6318603 0.0501867 -1.0355101 0.3807721
0.7800000 -1.0631480 -0.5963359 -0.9627502 0.4741678 -0.9931760 0.6382983 -0.0988686 -0.8278922 0.2623059
0.8000000 -1.0536846 -0.6163649 -0.9499317 0.4707141 -1.0076563 0.6423525 -0.2434865 -0.6218088 0.1430292
0.8200000 -1.0443194 -0.6366421 -0.9370561 0.4644283 -1.0180483 0.6440195 -0.3807958 -0.4202917 0.0239636
0.8400000 -1.0351075 -0.6570868 -0.9241709 0.4554823 -1.0244679 0.6433110 -0.5085861 -0.2250513 -0.0944880
0.8600000 -1.0261001 -0.6776208 -0.9113236 0.4440849 -1.0270504 0.6402400 -0.6253601 -0.0364629 -0.2125142
0.8800000 -1.0173441 -0.6981688 -0.8985613 0.4304679 -1.0259264 0.6348105 -0.7301808 0.1460126 -0.3306087
0.9000000 -1.0088814 -0.7186579 -0.8859312 0.4148776 -1.0212099 0.6270156 -0.8224332 0.3232181 -0.4491792
0.9200000 -1.0007490 -0.7390172 -0.8734807 0.3975706 -1.0129977 0.6168433 -0.9016438 0.4958142 -0.5682448
0.9400000 -0.9929786 -0.7591778 -0.8612575 0.3788119 -1.0013773 0.6042858 -0.9674195 0.6640586 -0.6873128
0.9600000 -0.9855965 -0.7790723 -0.8493093 0.3588738 -0.9864354 0.5893508 -1.0194677 0.8277808 -0.8053882
0.9800000 -0.9786236 -0.7986352 -0.8376834 0.3380332 -0.9682661 0.5720703 -1.0576400 0.9864326 -0.9210437
1.0000000 -0.9720752 -0.8178029 -0.8264265 0.3165682 -0.9469781 0.5525090 -1.0819730 1.1391593 -1.0325132
1.0200000 -0.9659609 -0.8365143 -0.8155831 0.2947543 -0.9226997 0.5307698 -1.0927209 1.2848844 -1.1378027
1.0400000 -0.9602850 -0.8547109 -0.8051957 0.2728594 -0.8955827 0.5069969 -1.0903787 1.4224066 -1.2348146
1.0600000 -0.9550465 -0.8723376 -0.7953032 0.2511391 -0.8658034 0.4813772 -1.0756968 1.5505095 -1.3214829
1.0800000 -0.9502395 -0.8893431 -0.7859406 0.2298315 -0.8335623 0.4541376 -1.0496858 1.6680842 -1.3959151
1.1000000 -0.9458533 -0.9056801 -0.7771377 0.2091517 -0.7990801 0.4255406 -1.0136120 1.7742577 -1.4565320
1.1200000 -0.9418734 -0.9213063 -0.7689190 0.1892870 -0.7625920 0.3958763 -0.9689743 1.8684810 -1.5021785
1.1400000 -0.9382818 -0.9361838 -0.7613027 0.1703927 -0.7243408 0.3654535 -0.9174457 1.9504853 -1.5321525
1.1600000 -0.9350577 -0.9502799 -0.7543008 0.1525892 -0.6845726 0.3345902 -0.8607730 2.0200513 -1.5461252
1.1800000 -0.9321782 -0.9635667 -0.7479190 0.1359618 -0.6435388 0.3036085 -0.8006596 2.0767039 -1.5440092
1.2000000 -0.9296192 -0.9760215 -0.7421565 0.1205628 -0.6015044 0.2728299 -0.7386791 2.1195395 -1.5258855
1.2200000 -0.9273557 -0.9876269 -0.7370058 0.1064146 -0.5587572 0.2425730 -0.6762362 2.1472862 -1.4920316
1.2400000 -0.9253626 -0.9983717 -0.7324536 0.0935133 -0.5156130 0.2131486 -0.6145612 2.1585255 -1.4430084
1.2600000 -0.9236152 -1.0082514 -0.7284799 0.0818322 -0.4724162 0.1848527 -0.5547174 2.1519686 -1.3797432
1.2800000 -0.9220893 -1.0172684 -0.7250594 0.0713247 -0.4295342 0.1579589 -0.4976086 2.1267110 -1.3035769
1.3000000 -0.9207622 -1.0254328 -0.7221615 0.0619278 -0.3873477 0.1327096 -0.4439795 2.0823942 -1.2162544
1.3200000 -0.9196122 -1.0327623 -0.7197511 0.0535655 -0.3462385 0.1093087 -0.3944058 2.0192396 -1.1198590
1.3400000 -0.9186196 -1.0392823 -0.7177892 0.0461516 -0.3065782 0.0879153 -0.3492839 1.9380056 -1.0167111
1.3600000 -0.9177662 -1.0450254 -0.7162345 0.0395941 -0.2687183 0.0686403 -0.3088313 1.8399508 -0.9092631
1.3800000 -0.9170358 -1.0500310 -0.7150436 0.0337983 -0.2329801 0.0515447 -0.2731004 1.7268158 -0.8000043
1.4000000 -0.9164142 -1.0543446 -0.7141727 0.0286701 -0.1996456 0.0366401 -0.2419919 1.6007694 -0.6913705
1.4200000 -0.9158890 -1.0580169 -0.7135780 0.0241187 -0.1689494 0.0238899 -0.2152622 1.4642971 -0.5856580
1.4400000 -0.9154495 -1.0611026 -0.7132171 0.0200596 -0.1410737 0.0132138 -0.1925284 1.3200633 -0.4849493
1.4600000 -0.9150866 -1.0636598 -0.7130494 0.0164175 -0.1161468 0.0044919 -0.1732801 1.1707994 -0.3910553
1.4800000 -0.9147928 -1.0657485 -0.7130374 0.0131284 -0.0942418 -0.0024284 -0.1568965 1.0192249 -0.3054780
1.5000000 -0.9145615 -1.0674295 -0.7131466 0.0101417 -0.0753778 -0.0077272 -0.1426547 0.8679546 -0.2293912
1.5200000 -0.9143871 -1.0687636 -0.7133465 0.0074222 -0.0595236 -0.0116041 -0.1297279 0.7193779 -0.1636359
1.5400000 -0.9142646 -1.0698104 -0.7136107 0.0049526 -0.0466027 -0.0142726 -0.1171928 0.5755768 -0.1087244
1.5600000 -0.9141890 -1.0706277 -0.7139174 0.0027345 -0.0365005 -0.0159531 -0.1040637 0.4383471 -0.0648495
1.5800000 -0.9141552 -1.0712704 -0.7142489 0.0007900 -0.0290688 -0.0168666 -0.0893459 0.3092930 -0.0318988
1.6000000 -0.9141574 -1.0717905 -0.7145920 -0.0008393 -0.0241288 -0.0172290 -0.0720803 0.1899047 -0.0094774
1.6200000 -0.9141888 -1.0722356 -0.7149380 -0.0020932 -0.0214726 -0.0172457 -0.0513667 0.0815673 0.0030617
1.6400000 -0.9142411 -1.0726494 -0.7152819 -0.0028940 -0.0208661 -0.0171066 -0.0263699 -0.0144789 0.0065808
1.6600000 -0.9143045 -1.0730702 -0.7156223 -0.0031480 -0.0220518 -0.0169825 0.0036756 -0.0971908 0.0021185
1.6800000 -0.9143671 -1.0735314 -0.7159612 -0.0027470 -0.0247537 -0.0170218 0.0394617 -0.1657741 -0.0091491
1.7000000 -0.9144144 -1.0740604 -0.7163032 -0.0015695 -0.0286828 -0.0173484 0.0816000 -0.2197353 -0.0259476
1.7200000 -0.9144298 -1.0746787 -0.7166551 0.0005170 -0.0335431 -0.0180597 0.1306160 -0.2589344 -0.0469429
1.7400000 -0.9143937 -1.0754021 -0.7170255 0.0036551 -0.0390401 -0.0192261 0.1869364 -0.2836258 -0.0707780
1.7600000 -0.9142836 -1.0762403 -0.7174241 0.0079945 -0.0448882 -0.0208908 0.2508596 -0.2944531 -0.0961019
1.7800000 -0.9140740 -1.0771976 -0.7178612 0.0136895 -0.0508183 -0.0230702 0.3225022 -0.2923770 -0.1215903
1.8000000 -0.9137361 -1.0782731 -0.7183470 0.0208946 -0.0565833 -0.0257545 0.4017372 -0.2785750 -0.1459622
1.8200000 -0.9132382 -1.0794610 -0.7188914 0.0297590 -0.0619613 -0.0289087 0.4881514 -0.2543761 -0.1680025
1.8400000 -0.9125457 -1.0807515 -0.7195033 0.0404206 -0.0667583 -0.0324746 0.5810237 -0.2212378 -0.1865907
1.8600000 -0.9116214 -1.0821313 -0.7201903 0.0529999 -0.0708108 -0.0363723 0.6793071 -0.1807210 -0.2007258
1.8800000 -0.9104257 -1.0835840 -0.7209582 0.0675929 -0.0739871 -0.0405036 0.7816162 -0.1344482 -0.2095485
1.9000000 -0.9089176 -1.0850908 -0.7218105 0.0842646 -0.0761887 -0.0447543 0.8862300 -0.0840665 -0.2123657
1.9200000 -0.9070551 -1.0866315 -0.7227484 0.1030421 -0.0773498 -0.0489982 0.9911220 -0.0312265 -0.2086792
1.9400000 -0.9047960 -1.0881848 -0.7237704 0.1239094 -0.0774378 -0.0531014 1.0940171 0.0224271 -0.1982181
1.9600000 -0.9020987 -1.0897290 -0.7248724 0.1468028 -0.0764527 -0.0569269 1.1924750 0.0752598 -0.1809720
1.9800000 -0.8989238 -1.0912429 -0.7260475 0.1716085 -0.0744274 -0.0603403 1.2839787 0.1256694 -0.1572117
2.0000000 -0.8952344 -1.0927061 -0.7272860 0.1981620 -0.0714259 -0.0632154 1.3660143 0.1721405 -0.1274884
2.0200000 -0.8909974 -1.0940999 -0.7285761 0.2262490 -0.0675417 -0.0654398 1.4361583 0.2133148 -0.0926182
2.0400000 -0.8861844 -1.0954078 -0.7299036 0.2556083 -0.0628933 -0.0669201 1.4921750 0.2480518 -0.0536575
2.0600000 -0.8807730 -1.0966157 -0.7312529 0.2859360 -0.0576197 -0.0675861 1.5321039 0.2754825 -0.0118607
2.0800000 -0.8747470 -1.0977126 -0.7326071 0.3168924 -0.0518740 -0.0673946 1.5543152 0.2950593 0.0313849
2.1000000 -0.8680973 -1.0986906 -0.7339487 0.3481086 -0.0458173 -0.0663308 1.5575491 0.3065922 0.0746356
2.1200000 -0.8608227 -1.0995453 -0.7352603 0.3791944 -0.0396104 -0.0644091 1.5409591 0.3102589 0.1164647
2.1400000 -0.8529296 -1.1002750 -0.7365251 0.4097470 -0.0334069 -0.0616722 1.5041681 0.3065855 0.1555249
2.1600000 -0.8444328 -1.1008815 -0.7377272 0.4393611 -0.0273469 -0.0581881 1.4473172 0.2964056 0.1906008
2.1800000 -0.8353551 -1.1013689 -0.7388526 0.4676397 -0.0215507 -0.0540481 1.3710598 0.2808000 0.2206557
2.2000000 -0.8257272 -1.1017436 -0.7398891 0.4942035 -0.0161149 -0.0493619 1.2764688 0.2610225 0.2448767
2.2200000 -0.8155870 -1.1020135 -0.7408271 0.5186984 -0.0111098 -0.0442531 1.1649048 0.2384189 0.2627100
2.2400000 -0.8049793 -1.1021880 -0.7416592 0.5407997 -0.0065782 -0.0388535 1.0379431 0.2143446 0.2738741
2.2600000 -0.7939550 -1.1022766 -0.7423812 0.5602162 -0.0025360 -0.0332981 0.8973860 0.1900908 0.2783504
2.2800000 -0.7825706 -1.1022894 -0.7429912 0.5766952 0.0010254 -0.0277195 0.7452816 0.1668164 0.2763575
2.3000000 -0.7708872 -1.1022356 -0.7434900 0.5900274 0.0041366 -0.0222438 0.5838646 0.1454914 0.2683208
2.3200000 -0.7589695 -1.1021239 -0.7438809 0.6000497 0.0068451 -0.0169867 0.4154551 0.1268510 0.2548401
2.3400000 -0.7468852 -1.1019618 -0.7441694 0.6066456 0.0092107 -0.0120502 0.2424015 0.1113683 0.2366539
2.3600000 -0.7347037 -1.1017555 -0.7443629 0.6097458 0.0112998 -0.0075205 0.0670716 0.0992457 0.2146003
2.3800000 -0.7224954 -1.1015098 -0.7444703 0.6093285 0.0131805 -0.0034662 -0.1081797 0.0904248 0.1895784
2.4000000 -0.7103305 -1.1012283 -0.7445016 0.6054186 0.0149168 0.0000626 -0.2810659 0.0846112 0.1625110
2.4200000 -0.6982786 -1.1009132 -0.7444678 0.5980859 0.0165649 0.0030343 -0.4493781 0.0813117 0.1343121
2.4400000 -0.6864071 -1.1005657 -0.7443802 0.5874435 0.0181693 0.0054351 -0.6109507 0.0798830 0.1058583
2.4600000 -0.6747809 -1.1001864 -0.7442504 0.5736478 0.0197603 0.0072686 -0.7636565 0.0795879 0.0779633
2.4800000 -0.6634612 -1.0997753 -0.7440895 0.5568972 0.0213528 0.0085536 -0.9054591 0.0796557 0.0513567
2.5000000 -0.6525050 -1.0993323 -0.7439082 0.5374295 0.0229465 0.0093229 -1.0344841 0.0793415 0.0266654
2.5200000 -0.6419640 -1.0988574 -0.7437165 0.5155179 0.0245265 0.0096203 -1.1490894 0.0779790 0.0044019
2.5400000 -0.6318843 -1.0983512 -0.7435234 0.4914659 0.0260657 0.0094989 -1.2479215 0.0750247 -0.0150441
2.5600000 -0.6223054 -1.0978148 -0.7433366 0.4656010 0.0275275 0.0090185 -1.3299273 0.0700918 -0.0314080
2.5800000 -0.6132602 -1.0972501 -0.7431627 0.4382688 0.0288693 0.0082426 -1.3943395 0.0629685 -0.0445469
2.6000000 -0.6047746 -1.0966600 -0.7430069 0.4098274 0.0300462 0.0072366 -1.4406996 0.0536194 -0.0544331
2.6200000 -0.5968671 -1.0960483 -0.7428732 0.3806408 0.0310141 0.0060653 -1.4689226 0.0421710 -0.0611443
2.6400000 -0.5895490 -1.0954195 -0.7427643 0.3510705 0.0317331 0.0047908 -1.4793325 0.0288903 -0.0648508
2.6600000 -0.5828243 -1.0947789 -0.7426816 0.3214675 0.0321697 0.0034713 -1.4726307 0.0141593 -0.0658008
2.6800000 -0.5766903 -1.0941327 -0.7426254 0.2921653 0.0322994 0.0021588 -1.4498238 -0.0015512 -0.0643042
2.7000000 -0.5711377 -1.0934870 -0.7425952 0.2634746 0.0321077 0.0008991 -1.4121566 -0.0177128 -0.0607153
2.7200000 -0.5661513 -1.0928484 -0.7425895 0.2356790 0.0315909 -0.0002698 -1.3610675 -0.0337733 -0.0554167
2.7400000 -0.5617105 -1.0922233 -0.7426060 0.2090319 0.0307567 -0.0013176 -1.2981677 -0.0491926 -0.0488022
2.7600000 -0.5577900 -1.0916181 -0.7426422 0.1837523 0.0296232 -0.0022219 -1.2252284 -0.0634763 -0.0412625
2.7800000 -0.5543605 -1.0910384 -0.7426949 0.1600227 0.0282177 -0.0029681 -1.1441539 -0.0762017 -0.0331713
2.8000000 -0.5513891 -1.0904894 -0.7427609 0.1379862 0.0265751 -0.0035487 -1.0569239 -0.0870304 -0.0248762
2.8200000 -0.5488410 -1.0899754 -0.7428368 0.1177458 0.0247365 -0.0039631 -0.9655239 -0.0957137 -0.0166908
2.8400000 -0.5466793 -1.0894999 -0.7429194 0.0993652 0.0227466 -0.0042164 -0.8718909 -0.1020935 -0.0088895
2.8600000 -0.5448664 -1.0890655 -0.7430055 0.0828701 0.0206527 -0.0043187 -0.7778792 -0.1061030 -0.0017028
2.8800000 -0.5433645 -1.0886738 -0.7430922 0.0682500 0.0185025 -0.0042845 -0.6852317 -0.1077634 0.0046851
2.9000000 -0.5421364 -1.0883254 -0.7431769 0.0554609 0.0163422 -0.0041313 -0.5955547 -0.1071764 0.0101373
2.9200000 -0.5411461 -1.0880201 -0.7432574 0.0444278 0.0142154 -0.0038790 -0.5102997 -0.1045159 0.0145637
2.9400000 -0.5403593 -1.0877568 -0.7433320 0.0350489 0.0121616 -0.0035488 -0.2344745 -0.0513466 0.0082561
2.9600000 -0.5397441 -1.0875337 -0.7433994 0.0350489 0.0121616 -0.0035488 -0.2344745 -0.0513466 0.0082561
