0.0000000 -1.2029277 -0.3390817 -1.1668211 -0.0118792 0.0559006 -0.0078065 -0.0081587 -0.0586178 0.1065306
0.0200000 -1.2031621 -0.3379510 -1.1670102 -0.0118792 0.0559006 -0.0078065 -0.0081587 -0.0586178 0.1065306
0.0400000 -1.2034028 -0.3368457 -1.1671333 -0.0122055 0.0535559 -0.0035452 -0.0168264 -0.1743248 0.2629266
0.0600000 -1.2036503 -0.3358088 -1.1671520 -0.0125522 0.0489276 0.0027106 -0.0176312 -0.2948805 0.3658562
0.0800000 -1.2039049 -0.3348886 -1.1670249 -0.0129108 0.0417607 0.0110890 -0.0179295 -0.4276664 0.4742204
0.1000000 -1.2041668 -0.3341383 -1.1667084 -0.0132694 0.0318210 0.0216794 -0.0175862 -0.5714763 0.5860466
0.1200000 -1.2044357 -0.3336157 -1.1661577 -0.0136142 0.0189016 0.0345309 -0.0165196 -0.7247907 0.6992968
0.1400000 -1.2047113 -0.3333823 -1.1653272 -0.0139302 0.0028293 0.0496513 -0.0147112 -0.8857944 0.8119330
0.1600000 -1.2049929 -0.3335026 -1.1641717 -0.0142027 -0.0165301 0.0670082 -0.0122116 -1.0524073 0.9219857
0.1800000 -1.2052794 -0.3340435 -1.1626469 -0.0144187 -0.0392670 0.0865307 -0.0091417 -1.2223306 1.0276193
0.2000000 -1.2055697 -0.3350732 -1.1607104 -0.0145683 -0.0654234 0.1081130 -0.0056873 -1.3930984 1.1271829
0.2200000 -1.2058622 -0.3366604 -1.1583224 -0.0146461 -0.0949909 0.1316180 -0.0020856 -1.5621286 1.2192322
0.2400000 -1.2061555 -0.3388729 -1.1554457 -0.0146517 -0.1279085 0.1568823 0.0013952 -1.7267672 1.3025244
0.2600000 -1.2064482 -0.3417768 -1.1520471 -0.0145903 -0.1640616 0.1837190 0.0044758 -1.8843252 1.3760025
0.2800000 -1.2067391 -0.3454353 -1.1480970 -0.0144727 -0.2032815 0.2119224 0.0068843 -2.0321113 1.4387775
0.3000000 -1.2070271 -0.3499080 -1.1435702 -0.0143150 -0.2453460 0.2412701 0.0083721 -2.1674586 1.4901082
0.3200000 -1.2073117 -0.3552492 -1.1384461 -0.0141378 -0.2899799 0.2715267 0.0087286 -2.2877417 1.5293698
0.3400000 -1.2075927 -0.3615072 -1.1327091 -0.0139658 -0.3368557 0.3024449 0.0077955 -2.3903811 1.5560072
0.3600000 -1.2078703 -0.3687234 -1.1263483 -0.0138260 -0.3855951 0.3337670 0.0054783 -2.4728347 1.5694771
0.3800000 -1.2081457 -0.3769310 -1.1193584 -0.0137467 -0.4357691 0.3652240 0.0017557 -2.5326020 1.5692016
0.4000000 -1.2084202 -0.3861542 -1.1117394 -0.0137558 -0.4868992 0.3965350 -0.0033175 -2.5673014 1.5545867
0.4200000 -1.2086959 -0.3964070 -1.1034970 -0.0138794 -0.5384611 0.4274075 -0.0096135 -2.5748655 1.5251442
0.4400000 -1.2089754 -0.4076926 -1.0946431 -0.0141403 -0.5898938 0.4575408 -0.0169402 -2.5538058 1.4806738
0.4600000 -1.2092615 -0.4200027 -1.0851954 -0.0145570 -0.6406134 0.4866344 -0.0250503 -2.5034281 1.4214009
0.4800000 -1.2095577 -0.4333172 -1.0751777 -0.0151423 -0.6900309 0.5143968 -0.0336523 -2.4239267 1.3480145
0.5000000 -1.2098672 -0.4476040 -1.0646195 -0.0159031 -0.7375704 0.5405550 -0.0424215 -2.3163771 1.2616271
0.5200000 -1.2101938 -0.4628200 -1.0535555 -0.0168392 -0.7826860 0.5648619 -0.0510147 -2.1826761 1.1637020
0.5400000 -1.2105408 -0.4789114 -1.0420250 -0.0179437 -0.8248775 0.5871031 -0.0590866 -2.0254517 1.0559710
0.5600000 -1.2109115 -0.4958151 -1.0300714 -0.0192027 -0.8637041 0.6071008 -0.0663086 -1.8479479 0.9403475
0.5800000 -1.2113089 -0.5134596 -1.0177410 -0.0205960 -0.8987954 0.6247170 -0.0723874 -1.6538879 0.8188360
0.6000000 -1.2117354 -0.5317669 -1.0050827 -0.0220982 -0.9298596 0.6398542 -0.0770821 -1.4473147 0.6934401
0.6200000 -1.2121928 -0.5506540 -0.9921468 -0.0236793 -0.9566880 0.6524546 -0.0802195 -1.2324160 0.5660693
0.6400000 -1.2126826 -0.5700344 -0.9789845 -0.0253069 -0.9791562 0.6624970 -0.0817049 -1.0133328 0.4384466
0.6600000 -1.2132051 -0.5898202 -0.9656470 -0.0269475 -0.9972213 0.6699924 -0.0815286 -0.7939576 0.3120168
0.6800000 -1.2137605 -0.6099233 -0.9521848 -0.0285681 -1.0109145 0.6749777 -0.0797661 -0.5777261 0.1878569
0.7000000 -1.2143478 -0.6302568 -0.9386479 -0.0301381 -1.0203303 0.6775067 -0.0765737 -0.3674045 0.0665883
0.7200000 -1.2149660 -0.6507365 -0.9250846 -0.0316310 -1.0256107 0.6776412 -0.0721773 -0.1648890 -0.0517008
0.7400000 -1.2156131 -0.6712812 -0.9115422 -0.0330252 -1.0269259 0.6754387 -0.0668595 0.0289218 -0.1674871
0.7600000 -1.2162870 -0.6918135 -0.8980670 -0.0343054 -1.0244538 0.6709417 -0.0609495 0.2140487 -0.2817144
0.7800000 -1.2169853 -0.7122594 -0.8847045 -0.0354632 -1.0183640 0.6641701 -0.0548213 0.3910702 -0.3955177
0.8000000 -1.2177055 -0.7325481 -0.8715002 -0.0364983 -1.0088110 0.6551210 -0.0488952 0.5606141 -0.5098606
0.8200000 -1.2184452 -0.7526118 -0.8584997 -0.0374190 -0.9959394 0.6437757 -0.0436312 0.7229784 -0.6252622
0.8400000 -1.2192023 -0.7723856 -0.8457492 -0.0382435 -0.9798919 0.6301105 -0.0395101 0.8780175 -0.7417013
0.8600000 -1.2199750 -0.7918075 -0.8332953 -0.0389994 -0.9608187 0.6141076 -0.0370038 1.0252115 -0.8586487
0.8800000 -1.2207623 -0.8108184 -0.8211849 -0.0397237 -0.9388834 0.5957646 -0.0365421 1.1637879 -0.9751429
0.9000000 -1.2215639 -0.8293628 -0.8094647 -0.0404611 -0.9142672 0.5751019 -0.0384791 1.2928341 -1.0898715
0.9200000 -1.2223807 -0.8473891 -0.7981808 -0.0412628 -0.8871701 0.5521697 -0.0430590 1.4113919 -1.2012528
0.9400000 -1.2232144 -0.8648496 -0.7873779 -0.0421835 -0.8578115 0.5270518 -0.0503847 1.5185326 -1.3075154
0.9600000 -1.2240680 -0.8817015 -0.7770987 -0.0432782 -0.8264288 0.4998691 -0.0603879 1.6134145 -1.4067770
0.9800000 -1.2249456 -0.8979068 -0.7673832 -0.0445990 -0.7932749 0.4707807 -0.0728026 1.6953231 -1.4971210
1.0000000 -1.2258520 -0.9134325 -0.7582675 -0.0461903 -0.7586159 0.4399842 -0.0871431 1.7636978 -1.5766698
1.0200000 -1.2267932 -0.9282514 -0.7497838 -0.0480847 -0.7227270 0.4077139 -0.1026870 1.8181449 -1.6436549
1.0400000 -1.2277754 -0.9423416 -0.7419589 -0.0502978 -0.6858901 0.3742380 -0.1184646 1.8584411 -1.6964814
1.0600000 -1.2288051 -0.9556870 -0.7348143 -0.0528233 -0.6483894 0.3398547 -0.1332547 1.8845288 -1.7337865
1.0800000 -1.2298883 -0.9682772 -0.7283648 -0.0556280 -0.6105089 0.3048866 -0.1455889 1.8965067 -1.7544906
1.1000000 -1.2310302 -0.9801074 -0.7226188 -0.0586469 -0.5725291 0.2696751 -0.1537640 1.8946161 -1.7578386
1.1200000 -1.2322342 -0.9911784 -0.7175778 -0.0617785 -0.5347243 0.2345730 -0.1558642 1.8792271 -1.7434321
1.1400000 -1.2335013 -1.0014963 -0.7132359 -0.0648814 -0.4973600 0.1999378 -0.1497931 1.8508236 -1.7112495
1.1600000 -1.2348294 -1.0110728 -0.7095802 -0.0677703 -0.4606913 0.1661231 -0.1333161 1.8099904 -1.6616547
1.1800000 -1.2362122 -1.0199240 -0.7065910 -0.0702141 -0.4249604 0.1334716 -0.1041138 1.7574027 -1.5953934
1.2000000 -1.2376380 -1.0280712 -0.7042414 -0.0719348 -0.3903952 0.1023073 -0.0598464 1.6938167 -1.5135770
1.2200000 -1.2390895 -1.0355398 -0.7024987 -0.0726079 -0.3572077 0.0729285 0.0017711 1.6200637 -1.4176549
1.2400000 -1.2405423 -1.0423595 -0.7013242 -0.0718640 -0.3255927 0.0456011 0.0828836 1.5370455 -1.3093768
1.2600000 -1.2419641 -1.0485635 -0.7006746 -0.0692926 -0.2957259 0.0205534 0.1854006 1.4457315 -1.1907460
1.2800000 -1.2433140 -1.0541885 -0.7005021 -0.0644480 -0.2677634 -0.0020287 0.3108938 1.3471557 -1.0639651
1.3000000 -1.2445420 -1.0592740 -0.7007558 -0.0568568 -0.2418397 -0.0220052 0.4604881 1.2424144 -0.9313783
1.3200000 -1.2455883 -1.0638621 -0.7013823 -0.0460284 -0.2180668 -0.0392838 0.6347501 1.1326617 -0.7954107
1.3400000 -1.2463832 -1.0679967 -0.7023271 -0.0314668 -0.1965332 -0.0538216 0.8335762 1.0191037 -0.6585089
1.3600000 -1.2468470 -1.0717234 -0.7035352 -0.0126854 -0.1773027 -0.0656242 1.0560858 0.9029903 -0.5230840
1.3800000 -1.2468906 -1.0750888 -0.7049521 0.0107766 -0.1604136 -0.0747450 1.3005237 0.7856043 -0.3914590
1.4000000 -1.2464159 -1.0781400 -0.7065250 0.0393356 -0.1458785 -0.0812826 1.5641726 0.6682550 -0.2658187
1.4200000 -1.2453172 -1.0809240 -0.7082034 0.0733435 -0.1336834 -0.0853777 1.8432741 0.5522877 -0.1481512
1.4400000 -1.2434822 -1.0834873 -0.7099401 0.1130665 -0.1237870 -0.0872086 2.1329571 0.4391159 -0.0401787
1.4600000 -1.2407945 -1.0858754 -0.7116917 0.1586618 -0.1161188 -0.0869849 2.4271846 0.3302591 0.0567112
1.4800000 -1.2371357 -1.0881321 -0.7134195 0.2101539 -0.1105766 -0.0849402 2.7187433 0.2273579 0.1415089
1.5000000 -1.2323883 -1.0902985 -0.7150893 0.2674115 -0.1070245 -0.0813245 2.9992945 0.1321524 0.2135918
1.5200000 -1.2264392 -1.0924130 -0.7166725 0.3301257 -0.1052905 -0.0763965 3.2594954 0.0464375 0.2727046
1.5400000 -1.2191833 -1.0945101 -0.7181452 0.3977913 -0.1051670 -0.0704163 3.4891932 -0.0279934 0.3189255
1.5600000 -1.2105276 -1.0966197 -0.7194891 0.4696934 -0.1064103 -0.0636395 3.6776987 -0.0894074 0.3526246
1.5800000 -1.2003956 -1.0987665 -0.7206908 0.5448993 -0.1087433 -0.0563113 3.8141486 -0.1361961 0.3744167
1.6000000 -1.1887316 -1.1009695 -0.7217416 0.6222594 -0.1118581 -0.0486628 3.8879617 -0.1669452 0.3851129
1.6200000 -1.1755052 -1.1032409 -0.7226373 0.7004178 -0.1154211 -0.0409068 3.8893976 -0.1805119 0.3856716
1.6400000 -1.1607149 -1.1055863 -0.7233778 0.7778353 -0.1190786 -0.0332359 3.8102211 -0.1761099 0.3771515
1.6600000 -1.1443918 -1.1080040 -0.7239667 0.8528266 -0.1224655 -0.0258208 3.6444741 -0.1534036 0.3606689
1.6800000 -1.1266018 -1.1104849 -0.7244107 0.9236142 -0.1252147 -0.0188092 3.3893573 -0.1126129 0.3373606
1.7000000 -1.1074472 -1.1130126 -0.7247191 0.9884009 -0.1269700 -0.0123263 3.0462146 -0.0546256 0.3083539
1.7200000 -1.0870658 -1.1155637 -0.7249037 1.0454628 -0.1273998 -0.0064750 2.6216182 0.0188805 0.2747447
1.7400000 -1.0656287 -1.1181086 -0.7249781 1.0932656 -0.1262148 -0.0013365 2.1284561 0.1053197 0.2375844
1.7600000 -1.0433352 -1.1206123 -0.7249572 1.1306011 -0.1231870 0.0030284 1.5864977 0.2011459 0.1978754
1.7800000 -1.0204047 -1.1230361 -0.7248570 1.1567255 -0.1181689 0.0065785 1.0213070 0.3019982 0.1565743
1.8000000 -0.9970662 -1.1253391 -0.7246940 1.1714533 -0.1111070 0.0092913 0.4607962 0.4031275 0.1145982
1.8200000 -0.9735465 -1.1274804 -0.7244853 1.1751574 -0.1020438 0.0111624 -0.0694036 0.4999690 0.0728300
1.8400000 -0.9500599 -1.1294208 -0.7242475 1.1686772 -0.0911083 0.0122045 -0.5493765 0.5885826 0.0321172
1.8600000 -0.9267994 -1.1311247 -0.7239971 1.1531823 -0.0785005 0.0124471 -0.9659717 0.6658248 -0.0067320
1.8800000 -0.9039326 -1.1325608 -0.7237497 1.1300383 -0.0644753 0.0119352 -1.3121911 0.7293319 -0.0429579
1.9000000 -0.8815979 -1.1337037 -0.7235197 1.1006947 -0.0493272 0.0107288 -1.5861050 0.7774464 -0.0758601
1.9200000 -0.8599048 -1.1345339 -0.7233205 1.0665941 -0.0333774 0.0089008 -1.7898712 0.8091474 -0.1048132
1.9400000 -0.8389341 -1.1350388 -0.7231637 1.0290998 -0.0169613 0.0065362 -1.9288868 0.8239891 -0.1292842
1.9600000 -0.8187408 -1.1352124 -0.7230591 0.9894387 -0.0004179 0.0037295 -2.0109460 0.8220435 -0.1488487
1.9800000 -0.7993566 -1.1350555 -0.7230145 0.9486620 0.0159204 0.0005823 -2.0453413 0.8038443 -0.1632029
2.0000000 -0.7807943 -1.1345756 -0.7230358 0.9076250 0.0317359 -0.0027987 -2.0419644 0.7703362 -0.1721742
2.0200000 -0.7630516 -1.1337861 -0.7231264 0.8669834 0.0467338 -0.0063047 -2.0105114 0.7228289 -0.1757289
2.0400000 -0.7461150 -1.1327062 -0.7232880 0.8272045 0.0606491 -0.0098278 -1.9598977 0.6629476 -0.1739788
2.0600000 -0.7299634 -1.1313601 -0.7235196 0.7885875 0.0732518 -0.0132638 -1.8979317 0.5925735 -0.1671824
2.0800000 -0.7145715 -1.1297761 -0.7238185 0.7512873 0.0843520 -0.0165151 -1.8311755 0.5137776 -0.1557414
2.1000000 -0.6999119 -1.1279860 -0.7241802 0.7153405 0.0938029 -0.0194935 -1.7648652 0.4287587 -0.1401918
2.1200000 -0.6859579 -1.1260240 -0.7245982 0.6806927 0.1015023 -0.0221228 -1.7028794 0.3397800 -0.1211860
2.1400000 -0.6726842 -1.1239259 -0.7250651 0.6472253 0.1073941 -0.0243409 -1.6478347 0.2490939 -0.0994662
2.1600000 -0.6600688 -1.1217283 -0.7255719 0.6147793 0.1114661 -0.0261014 -1.6012922 0.1588603 -0.0758292
2.1800000 -0.6480930 -1.1194673 -0.7261091 0.5831736 0.1137485 -0.0273741 -1.5639438 0.0710801 -0.0510924
2.2000000 -0.6367419 -1.1171783 -0.7266668 0.5522215 0.1143093 -0.0281451 -1.5356978 -0.0124409 -0.0260652
2.2200000 -0.6260042 -1.1148949 -0.7272349 0.5217457 0.1132508 -0.0284167 -1.5157001 -0.0901067 -0.0015258
2.2400000 -0.6158721 -1.1126483 -0.7278035 0.4915935 0.1107050 -0.0282061 -1.5023593 -0.1605350 0.0217991
2.2600000 -0.6063404 -1.1104667 -0.7283632 0.4616513 0.1068294 -0.0275447 -1.4934274 -0.2225637 0.0432537
2.2800000 -0.5974060 -1.1083751 -0.7289053 0.4318564 0.1018025 -0.0264760 -1.4861861 -0.2752691 0.0622737
2.3000000 -0.5890662 -1.1063946 -0.7294222 0.4022039 0.0958187 -0.0250538 -1.4777607 -0.3180043 0.0784094
2.3200000 -0.5813179 -1.1045424 -0.7299075 0.3727460 0.0890823 -0.0233396 -1.4654908 -0.3504407 0.0913464
2.3400000 -0.5741563 -1.1028313 -0.7303558 0.3435843 0.0818010 -0.0213999 -1.4472278 -0.3725918 0.1009166
2.3600000 -0.5675745 -1.1012703 -0.7307635 0.3148569 0.0741787 -0.0193030 -1.4214840 -0.3848019 0.1070955
2.3800000 -0.5615621 -1.0998642 -0.7311279 0.2867249 0.0664090 -0.0171161 -1.3874342 -0.3877056 0.1099894
2.4000000 -0.5561055 -1.0986140 -0.7314481 0.2593595 0.0586704 -0.0149034 -1.3448107 -0.3821672 0.1098150
2.4200000 -0.5511877 -1.0975174 -0.7317241 0.2329325 0.0511223 -0.0127235 -1.2937618 -0.3692149 0.1068768
2.4400000 -0.5467882 -1.0965691 -0.7319570 0.2076091 0.0439018 -0.0106283 -1.2347581 -0.3499847 0.1015447
2.4600000 -0.5428833 -1.0957613 -0.7321492 0.1835422 0.0371229 -0.0086617 -1.1685708 -0.3256800 0.0942349
2.4800000 -0.5394465 -1.0950842 -0.7323035 0.1608662 0.0308746 -0.0068589 -1.0962664 -0.2975367 0.0853910
2.5000000 -0.5364487 -1.0945263 -0.7324236 0.1396915 0.0252214 -0.0052461 -1.0191616 -0.2667876 0.0754668
2.5200000 -0.5338588 -1.0940753 -0.7325133 0.1200998 0.0202031 -0.0038402 -0.9387271 -0.2346233 0.0649098
2.5400000 -0.5316447 -1.0937182 -0.7325772 0.1021424 0.0158365 -0.0026497 -0.8564768 -0.2021557 0.0541465
2.5600000 -0.5297731 -1.0934418 -0.7326193 0.0858407 0.0121169 -0.0016744 -0.7738703 -0.1703882 0.0435705
2.5800000 -0.5282111 -1.0932335 -0.7326441 0.0711876 0.0090210 -0.0009069 -0.3663272 -0.0773986 0.0191880
2.6000000 -0.5269256 -1.0930810 -0.7326556 0.0711876 0.0090210 -0.0009069 -0.3663272 -0.0773986 0.0191880
