0.0000000 -1.2028272 -0.3411215 -1.1635595 -0.0237271 0.0613473 -0.0353179 -0.0283312 -0.0032732 0.0183031
0.0200000 -1.2032892 -0.3399006 -1.1642673 -0.0237271 0.0613473 -0.0353179 -0.0283312 -0.0032732 0.0183031
0.0400000 -1.2037763 -0.3386676 -1.1649723 -0.0248604 0.0612164 -0.0345858 -0.0494162 -0.0463882 0.0683396
0.0600000 -1.2042836 -0.3374520 -1.1656507 -0.0257038 0.0594918 -0.0325843 -0.0326182 -0.1321764 0.1360694
0.0800000 -1.2048045 -0.3362879 -1.1662756 -0.0261651 0.0559294 -0.0291430 -0.0109777 -0.2301424 0.2121653
0.1000000 -1.2053302 -0.3352148 -1.1668165 -0.0261429 0.0502861 -0.0240977 0.0159135 -0.3400642 0.2962082
0.1200000 -1.2058502 -0.3342765 -1.1672395 -0.0255285 0.0423268 -0.0172947 0.0483430 -0.4613891 0.3875774
0.1400000 -1.2063514 -0.3335217 -1.1675082 -0.0242091 0.0318306 -0.0085946 0.0864524 -0.5932116 0.4854462
0.1600000 -1.2068186 -0.3330033 -1.1675833 -0.0220704 0.0185983 0.0021232 0.1302180 -0.7342647 0.5887832
0.1800000 -1.2072342 -0.3327778 -1.1674233 -0.0190004 0.0024600 0.0149567 0.1794347 -0.8829253 0.6963612
0.2000000 -1.2075786 -0.3329049 -1.1669851 -0.0148931 -0.0167187 0.0299776 0.2337068 -1.0372339 0.8067731
0.2200000 -1.2078299 -0.3334465 -1.1662242 -0.0096522 -0.0390294 0.0472277 0.2924437 -1.1949279 0.9184535
0.2400000 -1.2079647 -0.3344660 -1.1650959 -0.0031953 -0.0645158 0.0667158 0.3548626 -1.3534876 1.0297071
0.2600000 -1.2079577 -0.3360272 -1.1635556 0.0045423 -0.0931689 0.0884159 0.4199969 -1.5101953 1.1387421
0.2800000 -1.2077830 -0.3381928 -1.1615593 0.0136046 -0.1249236 0.1122655 0.4867121 -1.6622029 1.2437071
0.3000000 -1.2074135 -0.3410241 -1.1590650 0.0240108 -0.1596570 0.1381642 0.5537268 -1.8066084 1.3427320
0.3200000 -1.2068225 -0.3445791 -1.1560327 0.0357536 -0.1971880 0.1659747 0.6196400 -1.9405373 1.4339698
0.3400000 -1.2059834 -0.3489116 -1.1524260 0.0487964 -0.2372785 0.1955230 0.6829641 -2.0612259 1.5156384
0.3600000 -1.2048707 -0.3540702 -1.1482118 0.0630722 -0.2796370 0.2266003 0.7421621 -2.1661041 1.5860625
0.3800000 -1.2034605 -0.3600971 -1.1433620 0.0784829 -0.3239227 0.2589655 0.7956877 -2.2528737 1.6437115
0.4000000 -1.2017314 -0.3670271 -1.1378532 0.0948997 -0.3697519 0.2923487 0.8420288 -2.3195793 1.6872348
0.4200000 -1.1996645 -0.3748872 -1.1316680 0.1121641 -0.4167058 0.3264549 0.8797509 -2.3646689 1.7154921
0.4400000 -1.1972448 -0.3836954 -1.1247950 0.1300898 -0.4643387 0.3609684 0.9075411 -2.3870411 1.7275783
0.4600000 -1.1944609 -0.3934607 -1.1172293 0.1484657 -0.5121875 0.3955580 0.9242490 -2.3860774 1.7228425
0.4800000 -1.1913062 -0.4041829 -1.1089727 0.1670597 -0.5597818 0.4298821 0.9289255 -2.3616579 1.7009005
0.5000000 -1.1877785 -0.4158520 -1.1000340 0.1856227 -0.6066538 0.4635941 0.9208556 -2.3141591 1.6616413
0.5200000 -1.1838813 -0.4284490 -1.0904289 0.2038939 -0.6523482 0.4963478 0.8995859 -2.2444348 1.6052260
0.5400000 -1.1796228 -0.4419459 -1.0801801 0.2216062 -0.6964312 0.5278031 0.8649445 -2.1537801 1.5320822
0.5600000 -1.1750170 -0.4563063 -1.0693168 0.2384917 -0.7384994 0.5576311 0.8170527 -2.0438807 1.4428910
0.5800000 -1.1700831 -0.4714859 -1.0578748 0.2542883 -0.7781864 0.5855188 0.7563282 -1.9167490 1.3385701
0.6000000 -1.1648455 -0.4874337 -1.0458960 0.2687448 -0.8151693 0.6111739 0.6834788 -1.7746516 1.2202514
0.6200000 -1.1593333 -0.5040927 -1.0334279 0.2816274 -0.8491725 0.6343288 0.5994877 -1.6200296 1.0892550
0.6400000 -1.1535804 -0.5214006 -1.0205229 0.2927243 -0.8799705 0.6547441 0.5055895 -1.4554164 0.9470609
0.6600000 -1.1476244 -0.5392915 -1.0072381 0.3018510 -0.9073891 0.6722112 0.4032399 -1.2833570 0.7952779
0.6800000 -1.1415063 -0.5576962 -0.9936344 0.3088539 -0.9313048 0.6865552 0.2940773 -1.1063313 0.6356118
0.7000000 -1.1352702 -0.5765437 -0.9797759 0.3136141 -0.9516424 0.6976357 0.1798809 -0.9266852 0.4698343
0.7200000 -1.1289618 -0.5957619 -0.9657290 0.3160492 -0.9683722 0.7053486 0.0625250 -0.7465725 0.2997516
0.7400000 -1.1226282 -0.6152786 -0.9515620 0.3161151 -0.9815053 0.7096258 -0.0560682 -0.5679087 0.1271759
0.7600000 -1.1163172 -0.6350221 -0.9373440 0.3138065 -0.9910885 0.7104356 -0.1739746 -0.3923383 -0.0461009
0.7800000 -1.1100760 -0.6549221 -0.9231445 0.3091561 -0.9971988 0.7077817 -0.2893125 -0.2212176 -0.2183303
0.8000000 -1.1039509 -0.6749100 -0.9090327 0.3022340 -0.9999372 0.7017024 -0.4002826 -0.0556099 -0.3878268
0.8200000 -1.0979866 -0.6949196 -0.8950764 0.2931448 -0.9994232 0.6922687 -0.5052031 0.1037047 -0.5529834
0.8400000 -1.0922251 -0.7148870 -0.8813420 0.2820258 -0.9957891 0.6795830 -0.6025378 0.2562088 -0.7122837
0.8600000 -1.0867056 -0.7347512 -0.8678931 0.2690433 -0.9891749 0.6637773 -0.6909185 0.4016163 -0.8643103
0.8800000 -1.0814634 -0.7544540 -0.8547909 0.2543891 -0.9797244 0.6450106 -0.7691594 0.5398343 -1.0077504
0.9000000 -1.0765300 -0.7739401 -0.8420927 0.2382769 -0.9675815 0.6234673 -0.8362649 0.6709195 -1.1413990
0.9200000 -1.0719323 -0.7931572 -0.8298522 0.2209385 -0.9528876 0.5993547 -0.8914317 0.7950318 -1.2641608
0.9400000 -1.0676925 -0.8120556 -0.8181185 0.2026197 -0.9357802 0.5729009 -0.9340443 0.9123879 -1.3750511
0.9600000 -1.0638275 -0.8305884 -0.8069361 0.1835767 -0.9163921 0.5443526 -0.9636675 1.0232172 -1.4731967
0.9800000 -1.0603494 -0.8487113 -0.7963444 0.1640730 -0.8948515 0.5139730 -0.9800348 1.1277214 -1.5578383
1.0000000 -1.0572646 -0.8663825 -0.7863772 0.1443753 -0.8712832 0.4820391 -0.9830356 1.2260400 -1.6283335
1.0200000 -1.0545744 -0.8835627 -0.7770628 0.1247515 -0.8458099 0.4488397 -0.9727014 1.3182232 -1.6841616
1.0400000 -1.0522746 -0.9002149 -0.7684236 0.1054673 -0.8185543 0.4146726 -0.9491932 1.4042126 -1.7249311
1.0600000 -1.0503557 -0.9163048 -0.7604759 0.0867838 -0.7896414 0.3798424 -0.9127895 1.4838304 -1.7503879
1.0800000 -1.0488032 -0.9318006 -0.7532299 0.0689557 -0.7592011 0.3446571 -0.8638777 1.5567775 -1.7604256
1.1000000 -1.0475975 -0.9466729 -0.7466897 0.0522287 -0.7273703 0.3094254 -0.8029467 1.6226398 -1.7550963
1.1200000 -1.0467141 -0.9608954 -0.7408529 0.0368378 -0.6942955 0.2744533 -0.7305832 1.6809031 -1.7346212
1.1400000 -1.0461240 -0.9744447 -0.7357115 0.0230054 -0.6601342 0.2400406 -0.6474695 1.7309740 -1.6994006
1.1600000 -1.0457938 -0.9873007 -0.7312513 0.0109390 -0.6250566 0.2064772 -0.5543845 1.7722074 -1.6500217
1.1800000 -1.0456864 -0.9994470 -0.7274524 0.0008300 -0.5892459 0.1740397 -0.4522044 1.8039387 -1.5872628
1.2000000 -1.0457606 -1.0108706 -0.7242897 -0.0071491 -0.5528990 0.1429867 -0.3419051 1.8255190 -1.5120940
1.2200000 -1.0459724 -1.0215629 -0.7217330 -0.0128462 -0.5162252 0.1135559 -0.2245637 1.8363514 -1.4256723
1.2400000 -1.0462745 -1.0315196 -0.7197475 -0.0161317 -0.4794449 0.0859598 -0.1013590 1.8359286 -1.3293313
1.2600000 -1.0466176 -1.0407407 -0.7182946 -0.0169006 -0.4427880 0.0603827 0.0264308 1.8238673 -1.2245647
1.2800000 -1.0469505 -1.0492311 -0.7173322 -0.0150745 -0.4064903 0.0369773 0.1574330 1.7999409 -1.1130036
1.3000000 -1.0472206 -1.0570003 -0.7168155 -0.0106033 -0.3707904 0.0158625 0.2901888 1.7641062 -0.9963879
1.3200000 -1.0473746 -1.0640627 -0.7166977 -0.0034669 -0.3359260 -0.0028783 0.4231659 1.7165258 -0.8765330
1.3400000 -1.0473593 -1.0704374 -0.7169306 0.0063234 -0.3021293 -0.0191988 0.5547758 1.6575820 -0.7552915
1.3600000 -1.0471217 -1.0761479 -0.7174656 0.0187241 -0.2696227 -0.0330899 0.6833944 1.5878840 -0.6345133
1.3800000 -1.0466103 -1.0812223 -0.7182542 0.0336592 -0.2386140 -0.0445793 0.8073879 1.5082666 -0.5160032
1.4000000 -1.0457753 -1.0856925 -0.7192488 0.0510196 -0.2092921 -0.0537301 0.9251406 1.4197808 -0.4014799
1.4200000 -1.0445695 -1.0895940 -0.7204034 0.0706648 -0.1818228 -0.0606385 1.0350867 1.3236760 -0.2925362
1.4400000 -1.0429488 -1.0929654 -0.7216743 0.0924231 -0.1563450 -0.0654315 1.1357430 1.2213752 -0.1906034
1.4600000 -1.0408726 -1.0958478 -0.7230207 0.1160945 -0.1329677 -0.0682627 1.2257420 1.1144431 -0.0969203
1.4800000 -1.0383050 -1.0982841 -0.7244048 0.1414528 -0.1117673 -0.0693083 1.3038648 1.0045493 -0.0125081
1.5000000 -1.0352145 -1.1003184 -0.7257930 0.1682491 -0.0927858 -0.0687630 1.3690711 0.8934273 0.0618469
1.5200000 -1.0315750 -1.1019955 -0.7271554 0.1962156 -0.0760302 -0.0668344 1.4205261 0.7828305 0.1256050
1.5400000 -1.0273659 -1.1033597 -0.7284664 0.2250701 -0.0614726 -0.0637388 1.4576227 0.6744878 0.1784757
1.5600000 -1.0225722 -1.1044544 -0.7297049 0.2545205 -0.0490507 -0.0596954 1.4799976 0.5700595 0.2204140
1.5800000 -1.0171851 -1.1053217 -0.7308542 0.2842700 -0.0386702 -0.0549222 1.4875413 0.4710951 0.2516103
1.6000000 -1.0112014 -1.1060012 -0.7319018 0.3140222 -0.0302069 -0.0496310 1.4804001 0.3789941 0.2724731
1.6200000 -1.0046242 -1.1065300 -0.7328394 0.3434860 -0.0235104 -0.0440233 1.4589714 0.2949722 0.2836081
1.6400000 -0.9974620 -1.1069416 -0.7336627 0.3723811 -0.0184080 -0.0382867 1.4238912 0.2200319 0.2857916
1.6600000 -0.9897289 -1.1072663 -0.7343709 0.4004417 -0.0147091 -0.0325916 1.3760151 0.1549399 0.2799422
1.6800000 -0.9814443 -1.1075300 -0.7349664 0.4274217 -0.0122104 -0.0270890 1.3163924 0.1002114 0.2670892
1.7000000 -0.9726321 -1.1077547 -0.7354545 0.4530974 -0.0107007 -0.0219081 1.2462358 0.0561012 0.2483406
1.7200000 -0.9633204 -1.1079580 -0.7358427 0.4772711 -0.0099664 -0.0171554 1.1668867 0.0226027 0.2248511
1.7400000 -0.9535412 -1.1081533 -0.7361407 0.4997729 -0.0097966 -0.0129140 1.0797776 -0.0005461 0.1977901
1.7600000 -0.9433295 -1.1083499 -0.7363593 0.5204622 -0.0099882 -0.0092438 0.9863936 -0.0138493 0.1683121
1.7800000 -0.9327227 -1.1085529 -0.7365104 0.5392286 -0.0103505 -0.0061815 0.8882334 -0.0180332 0.1375288
1.8000000 -0.9217603 -1.1087639 -0.7366065 0.5559915 -0.0107095 -0.0037426 0.7867725 -0.0140206 0.1064841
1.8200000 -0.9104831 -1.1089813 -0.7366601 0.5706995 -0.0109114 -0.0019222 0.6834279 -0.0028991 0.0761320
1.8400000 -0.8989324 -1.1092004 -0.7366834 0.5833286 -0.0108255 -0.0006973 0.5795276 0.0141130 0.0473194
1.8600000 -0.8871499 -1.1094143 -0.7366880 0.5938806 -0.0103468 -0.0000294 0.4762837 0.0357058 0.0207709
1.8800000 -0.8751771 -1.1096142 -0.7366846 0.6023800 -0.0093973 0.0001335 0.3747713 0.0605170 -0.0029212
1.9000000 -0.8630547 -1.1097902 -0.7366827 0.6088715 -0.0079262 -0.0001462 0.2759129 0.0871722 -0.0233026
1.9200000 -0.8508223 -1.1099313 -0.7366905 0.6134165 -0.0059104 -0.0007986 0.1804689 0.1143247 -0.0400596
1.9400000 -0.8385181 -1.1100266 -0.7367146 0.6160902 -0.0033532 -0.0017486 0.0890332 0.1406925 -0.0530171
1.9600000 -0.8261787 -1.1100654 -0.7367604 0.6169778 -0.0002827 -0.0029193 0.0020352 0.1650929 -0.0621329
1.9800000 -0.8138389 -1.1100379 -0.7368314 0.6161716 0.0032505 -0.0042339 -0.0802533 0.1864729 -0.0674886
2.0000000 -0.8015318 -1.1099354 -0.7369298 0.6137677 0.0071762 -0.0056188 -0.1577072 0.2039346 -0.0692781
2.0200000 -0.7892882 -1.1097508 -0.7370562 0.6098633 0.0114079 -0.0070051 -0.2303328 0.2167550 -0.0677923
2.0400000 -0.7771373 -1.1094791 -0.7372100 0.6045544 0.0158464 -0.0083305 -0.2982499 0.2244008 -0.0634029
2.0600000 -0.7651061 -1.1091170 -0.7373894 0.5979333 0.0203839 -0.0095412 -0.3616711 0.2265355 -0.0565437
2.0800000 -0.7532199 -1.1086637 -0.7375916 0.5900875 0.0249079 -0.0105923 -0.4208809 0.2230221 -0.0476925
2.1000000 -0.7415026 -1.1081207 -0.7378131 0.5810981 0.0293048 -0.0114489 -0.4762128 0.2139180 -0.0373509
2.1200000 -0.7299760 -1.1074915 -0.7380496 0.5710390 0.0334646 -0.0120863 -0.5280273 0.1994657 -0.0260265
2.1400000 -0.7186610 -1.1067821 -0.7382965 0.5599770 0.0372835 -0.0124899 -0.5766901 0.1800771 -0.0142145
2.1600000 -0.7075769 -1.1060002 -0.7385492 0.5479714 0.0406677 -0.0126549 -0.6225520 0.1563135 -0.0023825
2.1800000 -0.6967421 -1.1051554 -0.7388027 0.5350749 0.0435360 -0.0125852 -0.6659295 0.1288618 0.0090441
2.2000000 -0.6861739 -1.1042587 -0.7390526 0.5213342 0.0458221 -0.0122931 -0.7070884 0.0985079 0.0196927
2.2200000 -0.6758888 -1.1033225 -0.7392944 0.5067914 0.0474763 -0.0117975 -0.7462296 0.0661072 0.0292524
2.2400000 -0.6659023 -1.1023597 -0.7395245 0.4914851 0.0484664 -0.0111230 -0.7834772 0.0325556 0.0374795
2.2600000 -0.6562294 -1.1013838 -0.7397394 0.4754523 0.0487785 -0.0102984 -0.8188705 -0.0012412 0.0442001
2.2800000 -0.6468842 -1.1004085 -0.7399364 0.4587302 0.0484168 -0.0093550 -0.8523597 -0.0343960 0.0493097
2.3000000 -0.6378802 -1.0994472 -0.7401136 0.4413579 0.0474027 -0.0083260 -0.8838044 -0.0660670 0.0527709
2.3200000 -0.6292299 -1.0985124 -0.7402694 0.4233781 0.0457741 -0.0072442 -0.9129774 -0.0954824 0.0546079
2.3400000 -0.6209450 -1.0976162 -0.7404033 0.4048388 0.0435834 -0.0061416 -0.9395721 -0.1219606 0.0549004
2.3600000 -0.6130363 -1.0967691 -0.7405151 0.3857952 0.0408957 -0.0050482 -0.9632140 -0.1449278 0.0537747
2.3800000 -0.6055132 -1.0959804 -0.7406053 0.3663103 0.0377863 -0.0039907 -0.9834761 -0.1639302 0.0513952
2.4000000 -0.5983839 -1.0952577 -0.7406747 0.3464561 0.0343385 -0.0029924 -0.9998980 -0.1786429 0.0479543
2.4200000 -0.5916550 -1.0946068 -0.7407250 0.3263143 0.0306406 -0.0020725 -1.0120078 -0.1888737 0.0436629
2.4400000 -0.5853313 -1.0940320 -0.7407576 0.3059758 0.0267835 -0.0012459 -1.0193455 -0.1945635 0.0387410
2.4600000 -0.5794159 -1.0935355 -0.7407748 0.2855405 0.0228580 -0.0005228 -1.0214881 -0.1957823 0.0334087
2.4800000 -0.5739097 -1.0931177 -0.7407786 0.2651163 0.0189522 0.0000905 -1.0180741 -0.1927218 0.0278781
2.5000000 -0.5688113 -1.0927774 -0.7407712 0.2448176 0.0151492 0.0005923 -1.0088269 -0.1856853 0.0223464
2.5200000 -0.5641170 -1.0925117 -0.7407549 0.2247632 0.0115248 0.0009844 -0.9935753 -0.1750744 0.0169900
2.5400000 -0.5598208 -1.0923164 -0.7407318 0.2050745 0.0081462 0.0012719 -0.9722706 -0.1613743 0.0119600
2.5600000 -0.5559140 -1.0921859 -0.7407040 0.1858724 0.0050698 0.0014628 -0.9449990 -0.1451365 0.0073792
2.5800000 -0.5523859 -1.0921136 -0.7406733 0.1672746 0.0023407 0.0015670 -0.9119879 -0.1269615 0.0033398
2.6000000 -0.5492230 -1.0920923 -0.7406413 0.1493929 -0.0000086 0.0015963 -0.8736062 -0.1074793 -0.0000966
2.6200000 -0.5464102 -1.0921140 -0.7406094 0.1323303 -0.0019585 0.0015632 -0.8303584 -0.0873310 -0.0028985
2.6400000 -0.5439298 -1.0921706 -0.7405788 0.1161786 -0.0035019 0.0014804 -0.7828712 -0.0671489 -0.0050625
2.6600000 -0.5417630 -1.0922540 -0.7405502 0.1010155 -0.0046444 0.0013607 -0.7318755 -0.0475386 -0.0066103
2.6800000 -0.5398892 -1.0923564 -0.7405243 0.0869035 -0.0054034 0.0012160 -0.6781808 -0.0290599 -0.0075848
2.7000000 -0.5382869 -1.0924702 -0.7405016 0.0738883 -0.0058068 0.0010573 -0.6226463 -0.0122109 -0.0080460
2.7200000 -0.5369337 -1.0925887 -0.7404821 0.0619977 -0.0058918 0.0008942 -0.2972643 -0.0021258 -0.0040783
2.7400000 -0.5358070 -1.0927059 -0.7404658 0.0619977 -0.0058918 0.0008942 -0.2972643 -0.0021258 -0.0040783
