0.0000000 -1.2042177 -0.3426573 -1.1633564 -0.0209127 0.0543002 -0.0296259 -0.0101740 0.0434073 0.0100979
0.0200000 -1.2046290 -0.3415934 -1.1639482 -0.0209127 0.0543002 -0.0296259 -0.0101740 0.0434073 0.0100979
0.0400000 -1.2050542 -0.3404852 -1.1645415 -0.0213197 0.0560365 -0.0292220 -0.0043365 0.0601420 0.0461864
0.0600000 -1.2054818 -0.3393519 -1.1651171 -0.0210862 0.0567059 -0.0277785 0.0307472 0.0009387 0.1019959
0.0800000 -1.2058977 -0.3382170 -1.1656526 -0.0200898 0.0560741 -0.0251422 0.0720225 -0.0702882 0.1653663
0.1000000 -1.2062854 -0.3371090 -1.1661227 -0.0182053 0.0538944 -0.0211638 0.1195708 -0.1540173 0.2360159
0.1200000 -1.2066259 -0.3360612 -1.1664992 -0.0153070 0.0499134 -0.0157015 0.1733448 -0.2504339 0.3134758
0.1400000 -1.2068976 -0.3351124 -1.1667508 -0.0112715 0.0438770 -0.0086248 0.2331531 -0.3593961 0.3970821
0.1600000 -1.2070767 -0.3343062 -1.1668442 -0.0059809 0.0355375 0.0001818 0.2986464 -0.4804133 0.4859714
0.1800000 -1.2071369 -0.3336909 -1.1667435 0.0006743 0.0246605 0.0108141 0.3693008 -0.6126287 0.5790743
0.2000000 -1.2070498 -0.3333197 -1.1664116 0.0087912 0.0110324 0.0233447 0.4444023 -0.7548005 0.6751086
0.2200000 -1.2067852 -0.3332496 -1.1658097 0.0184504 -0.0055315 0.0378184 0.5230338 -0.9052860 0.7725805
0.2400000 -1.2063117 -0.3335410 -1.1648989 0.0297125 -0.0251791 0.0542479 0.6040767 -1.0620355 0.8698058
0.2600000 -1.2055967 -0.3342568 -1.1636398 0.0426135 -0.0480130 0.0726107 0.6862309 -1.2226066 0.9649602
0.2800000 -1.2046072 -0.3354615 -1.1619944 0.0571618 -0.0740833 0.0928464 0.7680547 -1.3842089 1.0561591
0.3000000 -1.2033103 -0.3372201 -1.1599260 0.0733357 -0.1033813 0.1148570 0.8480208 -1.5437861 1.1415574
0.3200000 -1.2016738 -0.3395968 -1.1574001 0.0910826 -0.1358348 0.1385087 0.9245759 -1.6981285 1.2194508
0.3400000 -1.1996670 -0.3426535 -1.1543856 0.1103187 -0.1713065 0.1636351 0.9961933 -1.8440022 1.2883584
0.3600000 -1.1972610 -0.3464490 -1.1508547 0.1309303 -0.2095949 0.1900430 1.0614121 -1.9782795 1.3470761
0.3800000 -1.1944297 -0.3510373 -1.1467839 0.1527752 -0.2504376 0.2175181 1.1188599 -2.0980506 1.3946973
0.4000000 -1.1911500 -0.3564665 -1.1421540 0.1756847 -0.2935169 0.2458309 1.1672583 -2.2007031 1.4305982
0.4200000 -1.1874023 -0.3627780 -1.1369507 0.1994656 -0.3384658 0.2747420 1.2054200 -2.2839772 1.4544019
0.4400000 -1.1831714 -0.3700052 -1.1311643 0.2239015 -0.3848760 0.3040070 1.2322612 -2.3460305 1.4659573
0.4600000 -1.1784463 -0.3781730 -1.1247904 0.2487560 -0.4323070 0.3333803 1.2468440 -2.3855335 1.4653541
0.4800000 -1.1732211 -0.3872974 -1.1178291 0.2737753 -0.4802973 0.3626211 1.2484410 -2.4017839 1.4529634
0.5000000 -1.1674953 -0.3973849 -1.1102856 0.2986936 -0.5283783 0.3914989 1.2365949 -2.3947944 1.4294661
0.5200000 -1.1612734 -0.4084326 -1.1021692 0.3232391 -0.5760891 0.4197998 1.2111329 -2.3652777 1.3958124
0.5400000 -1.1545657 -0.4204285 -1.0934936 0.3471390 -0.6229894 0.4473314 1.1721097 -2.3144795 1.3530805
0.5600000 -1.1473878 -0.4333522 -1.0842759 0.3701235 -0.6686683 0.4739230 1.1197061 -2.2439145 1.3022773
0.5800000 -1.1397608 -0.4471752 -1.0745366 0.3919272 -0.7127460 0.4994224 1.0541542 -2.1551391 1.2441802
0.6000000 -1.1317108 -0.4618620 -1.0642990 0.4122896 -0.7548738 0.5236902 0.9757240 -2.0496352 1.1792746
0.6200000 -1.1232692 -0.4773702 -1.0535890 0.4309562 -0.7947314 0.5465934 0.8847567 -1.9287818 1.1077644
0.6400000 -1.1144725 -0.4936513 -1.0424353 0.4476799 -0.8320251 0.5680008 0.7817120 -1.7938618 1.0296158
0.6600000 -1.1053620 -0.5106512 -1.0308690 0.4622246 -0.8664859 0.5877781 0.6672159 -1.6460789 0.9446140
0.6800000 -1.0959835 -0.5283107 -1.0189242 0.4743685 -0.8978683 0.6057853 0.5421033 -1.4865849 0.8524294
0.7000000 -1.0863872 -0.5465659 -1.0066376 0.4839088 -0.9259493 0.6218752 0.4074565 -1.3165177 0.7526931
0.7200000 -1.0766272 -0.5653487 -0.9940492 0.4906668 -0.9505290 0.6358931 0.2646370 -1.1370533 0.6450827
0.7400000 -1.0667606 -0.5845871 -0.9812019 0.4944943 -0.9714314 0.6476785 0.1153128 -0.9494735 0.5294154
0.7600000 -1.0568474 -0.6042059 -0.9681420 0.4952793 -0.9885079 0.6570697 -0.0385217 -0.7552488 0.4057493
0.7800000 -1.0469494 -0.6241274 -0.9549191 0.4929534 -1.0016414 0.6639085 -0.1945301 -0.5561387 0.2744910
0.8000000 -1.0371293 -0.6442716 -0.9415857 0.4874981 -1.0107535 0.6680493 -0.3500285 -0.3542985 0.1365021
0.8200000 -1.0274495 -0.6645575 -0.9281971 0.4789522 -1.0158133 0.6693686 -0.5020128 -0.1523416 -0.0068308
0.8400000 -1.0179712 -0.6849041 -0.9148109 0.4674176 -1.0168471 0.6677761 -0.6472720 0.0467547 -0.1536369
0.8600000 -1.0087528 -0.7052314 -0.9014861 0.4530614 -1.0139431 0.6632231 -0.7826167 0.2399704 -0.3017587
0.8800000 -0.9998487 -0.7254618 -0.8882820 0.4361129 -1.0072483 0.6557057 -0.9051592 0.4246733 -0.4490329
0.9000000 -0.9913083 -0.7455213 -0.8752578 0.4168550 -0.9969562 0.6452618 -1.0125275 0.5989276 -0.5934990
0.9200000 -0.9831745 -0.7653401 -0.8624715 0.3956118 -0.9832912 0.6319658 -1.1029538 0.7615635 -0.7334620
0.9400000 -0.9754838 -0.7848530 -0.8499792 0.3727368 -0.9664937 0.6159233 -1.1752731 0.9120805 -0.8674538
0.9600000 -0.9682650 -0.8039998 -0.8378346 0.3486009 -0.9468080 0.5972676 -1.2288884 1.0504984 -0.9941690
0.9800000 -0.9615398 -0.8227253 -0.8260885 0.3235813 -0.9244737 0.5761566 -1.2637287 1.1772079 -1.1124090
1.0000000 -0.9553218 -0.8409788 -0.8147883 0.2980518 -0.8997197 0.5527713 -1.2802021 1.2928351 -1.2210426
1.0200000 -0.9496177 -0.8587141 -0.8039777 0.2723732 -0.8727603 0.5273149 -1.2791474 1.3981187 -1.3189811
1.0400000 -0.9444269 -0.8758892 -0.7936957 0.2468859 -0.8437949 0.5000120 -1.2617805 1.4938045 -1.4051711
1.0600000 -0.9397422 -0.8924659 -0.7839772 0.2219020 -0.8130081 0.4711080 -1.2296392 1.5805568 -1.4786012
1.0800000 -0.9355508 -0.9084095 -0.7748514 0.1977003 -0.7805727 0.4408680 -1.1845235 1.6588867 -1.5383235
1.1000000 -0.9318342 -0.9236888 -0.7663425 0.1745211 -0.7466527 0.4095751 -1.1284337 1.7291001 -1.5834861
1.1200000 -0.9285699 -0.9382756 -0.7584684 0.1525629 -0.7114086 0.3775285 -1.0635044 1.7912628 -1.6133742
1.1400000 -0.9257317 -0.9521451 -0.7512413 0.1319809 -0.6750022 0.3450401 -0.9919374 1.8451836 -1.6274578
1.1600000 -0.9232907 -0.9652757 -0.7446668 0.1128855 -0.6376013 0.3124302 -0.9159315 1.8904156 -1.6254401
1.1800000 -0.9212163 -0.9776492 -0.7387441 0.0953436 -0.5993855 0.2800225 -0.8376122 1.9262738 -1.6073053
1.2000000 -0.9194770 -0.9892511 -0.7334659 0.0793810 -0.5605503 0.2481380 -0.7589617 1.9518694 -1.5733599
1.2200000 -0.9180411 -1.0000712 -0.7288186 0.0649852 -0.5213108 0.2170881 -0.6817522 1.9661596 -1.5242649
1.2400000 -0.9168776 -1.0101036 -0.7247824 0.0521109 -0.4819040 0.1871674 -0.6074825 1.9680121 -1.4610541
1.2600000 -0.9159566 -1.0193474 -0.7213319 0.0406859 -0.4425903 0.1586459 -0.5373239 1.9562834 -1.3851368
1.2800000 -0.9152501 -1.0278072 -0.7184365 0.0306179 -0.4036526 0.1317619 -0.4720753 1.9299096 -1.2982810
1.3000000 -0.9147319 -1.0354935 -0.7160614 0.0218028 -0.3653939 0.1067147 -0.4121335 1.8880086 -1.2025755
1.3200000 -0.9143780 -1.0424229 -0.7141680 0.0141326 -0.3281323 0.0836589 -0.3574807 1.8299915 -1.1003700
1.3400000 -0.9141666 -1.0486188 -0.7127151 0.0075036 -0.2921942 0.0626999 -0.3076939 1.7556831 -0.9941922
1.3600000 -0.9140779 -1.0541107 -0.7116600 0.0018248 -0.2579050 0.0438912 -0.2619799 1.6654446 -0.8866438
1.3800000 -0.9140936 -1.0589350 -0.7109594 -0.0029756 -0.2255765 0.0272342 -0.2192344 1.5602835 -0.7802798
1.4000000 -0.9141969 -1.0631338 -0.7105706 -0.0069446 -0.1954936 0.0126800 -0.1781160 1.4419013 -0.6774842
1.4200000 -0.9143714 -1.0667547 -0.7104522 -0.0101002 -0.1679004 0.0001348 -0.1371220 1.3126360 -0.5803612
1.4400000 -0.9146009 -1.0698498 -0.7105652 -0.0124294 -0.1429882 -0.0105344 -0.0946588 1.1753064 -0.4906523
1.4600000 -0.9148686 -1.0724742 -0.7108736 -0.0138866 -0.1208881 -0.0194913 -0.0491124 1.0330284 -0.4096797
1.4800000 -0.9151564 -1.0746853 -0.7113449 -0.0143939 -0.1016671 -0.0269216 0.0010772 0.8890490 -0.3383160
1.5000000 -0.9154443 -1.0765409 -0.7119504 -0.0138435 -0.0853262 -0.0330239 0.0573465 0.7465927 -0.2769813
1.5200000 -0.9157101 -1.0780983 -0.7126658 -0.0121001 -0.0718033 -0.0380009 0.1209390 0.6087284 -0.2256610
1.5400000 -0.9159283 -1.0794130 -0.7134705 -0.0090059 -0.0609771 -0.0420504 0.1928263 0.4782879 -0.1839306
1.5600000 -0.9160703 -1.0805374 -0.7143478 -0.0043870 -0.0526718 -0.0453581 0.2736276 0.3578319 -0.1509880
1.5800000 -0.9161038 -1.0815199 -0.7152848 0.0019392 -0.0466638 -0.0480899 0.3635446 0.2496111 -0.1257064
1.6000000 -0.9159928 -1.0824040 -0.7162714 0.0101548 -0.0426874 -0.0503863 0.4623271 0.1554937 -0.1067133
1.6200000 -0.9156976 -1.0832274 -0.7173003 0.0204323 -0.0404440 -0.0523584 0.5692596 0.0768795 -0.0924847
1.6400000 -0.9151755 -1.0840217 -0.7183658 0.0329251 -0.0396122 -0.0540857 0.6831523 0.0146487 -0.0814347
1.6600000 -0.9143806 -1.0848119 -0.7194637 0.0477583 -0.0398581 -0.0556158 0.8023284 -0.0308334 -0.0719882
1.6800000 -0.9132651 -1.0856161 -0.7205904 0.0650183 -0.0408455 -0.0569653 0.9246240 -0.0596787 -0.0626462
1.7000000 -0.9117799 -1.0864457 -0.7217423 0.0847433 -0.0422452 -0.0581217 1.0474242 -0.0724540 -0.0520607
1.7200000 -0.9098754 -1.0873059 -0.7229153 0.1069153 -0.0437437 -0.0590477 1.1677395 -0.0701756 -0.0391151
1.7400000 -0.9075033 -1.0881955 -0.7241042 0.1314529 -0.0450523 -0.0596863 1.2823032 -0.0542910 -0.0229939
1.7600000 -0.9046173 -1.0891080 -0.7253027 0.1582074 -0.0459153 -0.0599674 1.3876820 -0.0266242 -0.0032278
1.7800000 -0.9011750 -1.0900321 -0.7265029 0.1869602 -0.0461172 -0.0598154 1.4804091 0.0106983 0.0202790
1.8000000 -0.8971389 -1.0909527 -0.7276953 0.2174237 -0.0454874 -0.0591563 1.5571467 0.0553244 0.0472353
1.8200000 -0.8924780 -1.0918516 -0.7288692 0.2492460 -0.0439042 -0.0579260 1.6148651 0.1047592 0.0769715
1.8400000 -0.8871690 -1.0927088 -0.7300124 0.2820183 -0.0412970 -0.0560774 1.6510124 0.1564615 0.1084808
1.8600000 -0.8811973 -1.0935035 -0.7311122 0.3152865 -0.0376458 -0.0535867 1.6636567 0.2079535 0.1404967
1.8800000 -0.8745576 -1.0942147 -0.7321558 0.3485646 -0.0329789 -0.0504575 1.6515855 0.2569264 0.1715991
1.9000000 -0.8672547 -1.0948226 -0.7331305 0.3813500 -0.0273687 -0.0467228 1.6143575 0.3013317 0.2003366
1.9200000 -0.8593036 -1.0953094 -0.7340247 0.4131389 -0.0209256 -0.0424441 1.5523249 0.3394486 0.2253482
1.9400000 -0.8507292 -1.0956596 -0.7348283 0.4434430 -0.0137908 -0.0377089 1.4666540 0.3699221 0.2454642
1.9600000 -0.8415659 -1.0958610 -0.7355331 0.4718051 -0.0061287 -0.0326255 1.3593291 0.3917745 0.2597797
1.9800000 -0.8318570 -1.0959048 -0.7361333 0.4978161 0.0018802 -0.0273177 1.2331029 0.4043979 0.2677028
2.0000000 -0.8216532 -1.0957858 -0.7366258 0.5211292 0.0100472 -0.0219174 1.0913515 0.4075329 0.2689780
2.0200000 -0.8110118 -1.0955029 -0.7370100 0.5414702 0.0181815 -0.0165585 0.9378299 0.4012365 0.2636822
2.0400000 -0.7999944 -1.0950586 -0.7372882 0.5586424 0.0260966 -0.0113701 0.7763815 0.3858435 0.2521949
2.0600000 -0.7886661 -1.0944590 -0.7374648 0.5725254 0.0336152 -0.0064707 0.6106942 0.3619267 0.2351480
2.0800000 -0.7770934 -1.0937140 -0.7375470 0.5830702 0.0405737 -0.0019642 0.4441472 0.3302611 0.2133638
2.1000000 -0.7653433 -1.0928361 -0.7375434 0.5902913 0.0468257 0.0020638 0.2797243 0.2917896 0.1877910
2.1200000 -0.7534817 -1.0918409 -0.7374644 0.5942591 0.0522453 0.0055474 0.1199657 0.2475917 0.1594421
2.1400000 -0.7415729 -1.0907463 -0.7373215 0.5950900 0.0567294 0.0084415 -0.0330349 0.1988548 0.1293408
2.1600000 -0.7296782 -1.0895718 -0.7371268 0.5929377 0.0601995 0.0107211 -0.1775936 0.1468483 0.0984782
2.1800000 -0.7178554 -1.0883383 -0.7368927 0.5879862 0.0626033 0.0123806 -0.3123970 0.0928941 0.0677793
2.2000000 -0.7061587 -1.0870676 -0.7366315 0.5804418 0.0639152 0.0134322 -0.4364863 0.0383340 0.0380767
2.2200000 -0.6946377 -1.0857817 -0.7363554 0.5705268 0.0641366 0.0139037 -0.5492622 -0.0155090 0.0100931
2.2400000 -0.6833376 -1.0845022 -0.7360754 0.5584714 0.0632949 0.0138360 -0.6505122 -0.0673721 -0.0155702
2.2600000 -0.6722989 -1.0832499 -0.7358019 0.5445063 0.0614418 0.0132809 -0.7404416 -0.1160957 -0.0384384
2.2800000 -0.6615574 -1.0820445 -0.7355442 0.5288537 0.0586511 0.0122984 -0.8196457 -0.1606553 -0.0581625
2.3000000 -0.6511447 -1.0809039 -0.7353100 0.5117204 0.0550156 0.0109544 -0.8889920 -0.2001789 -0.0745134
2.3200000 -0.6410886 -1.0798439 -0.7351060 0.4932940 0.0506439 0.0093179 -0.9494467 -0.2339528 -0.0873720
2.3400000 -0.6314130 -1.0788781 -0.7349373 0.4737426 0.0456574 0.0074595 -1.0019007 -0.2614239 -0.0967191
2.3600000 -0.6221389 -1.0780176 -0.7348076 0.4532180 0.0401869 0.0054491 -1.0470201 -0.2822008 -0.1026239
2.3800000 -0.6132843 -1.0772706 -0.7347193 0.4318618 0.0343694 0.0033545 -1.0851468 -0.2960551 -0.1052344
2.4000000 -0.6048644 -1.0766428 -0.7346734 0.4098121 0.0283447 0.0012398 -1.1162904 -0.3029256 -0.1047658
2.4200000 -0.5968918 -1.0761368 -0.7346697 0.3872101 0.0222524 -0.0008361 -1.1402368 -0.3029237 -0.1014901
2.4400000 -0.5893760 -1.0757527 -0.7347069 0.3642026 0.0162278 -0.0028198 -1.1567186 -0.2963366 -0.0957243
2.4600000 -0.5823237 -1.0754877 -0.7347825 0.3409414 0.0103989 -0.0046651 -1.1655486 -0.2836209 -0.0878185
2.4800000 -0.5757383 -1.0753367 -0.7348935 0.3175807 0.0048830 -0.0063326 -1.1666684 -0.2653856 -0.0781459
2.5000000 -0.5696204 -1.0752924 -0.7350358 0.2942747 -0.0002165 -0.0077909 -1.1601400 -0.2423675 -0.0670919
2.5200000 -0.5639673 -1.0753454 -0.7352051 0.2711751 -0.0048117 -0.0090163 -1.1461248 -0.2154037 -0.0550457
2.5400000 -0.5587734 -1.0754849 -0.7353965 0.2484297 -0.0088326 -0.0099927 -1.1248716 -0.1854032 -0.0423917
2.5600000 -0.5540302 -1.0756987 -0.7356048 0.2261802 -0.0122279 -0.0107119 -1.0967125 -0.1533181 -0.0295023
2.5800000 -0.5497262 -1.0759740 -0.7358249 0.2045612 -0.0149654 -0.0111728 -1.0620668 -0.1201145 -0.0167302
2.6000000 -0.5458477 -1.0762973 -0.7360517 0.1836976 -0.0170324 -0.0113811 -1.0214495 -0.0867444 -0.0044023
2.6200000 -0.5423783 -1.0766553 -0.7362802 0.1637032 -0.0184351 -0.0113489 -0.9754824 -0.0541170 0.0071866
2.6400000 -0.5392996 -1.0770347 -0.7365057 0.1446783 -0.0191971 -0.0110937 -0.9248980 -0.0230740 0.0177796
2.6600000 -0.5365912 -1.0774232 -0.7367239 0.1267073 -0.0193581 -0.0106377 -0.8705196 0.0056306 0.0271600
2.6800000 -0.5342313 -1.0778090 -0.7369312 0.1098575 -0.0189719 -0.0100073 -0.8132090 0.0313408 0.0351517
2.7000000 -0.5321969 -1.0781820 -0.7371242 0.0941789 -0.0181045 -0.0092317 -0.7537978 0.0535046 0.0416169
2.7200000 -0.5304641 -1.0785332 -0.7373005 0.0797056 -0.0168317 -0.0083426 -0.3618335 0.0318187 0.0222264
2.7400000 -0.5290087 -1.0788553 -0.7374579 0.0797056 -0.0168317 -0.0083426 -0.3618335 0.0318187 0.0222264
