0.0000000 -1.2031379 -0.3426115 -1.1644812 -0.0044889 0.0523266 -0.0435629 -0.0062515 0.0289455 0.0425938
0.0200000 -1.2032251 -0.3415816 -1.1653613 -0.0044889 0.0523266 -0.0435629 -0.0062515 0.0289455 0.0425938
0.0400000 -1.2033174 -0.3405184 -1.1662237 -0.0047389 0.0534844 -0.0418592 -0.0123829 0.0300516 0.1286345
0.0600000 -1.2034147 -0.3394422 -1.1670356 -0.0049842 0.0535286 -0.0384175 -0.0118478 -0.0312708 0.2204660
0.0800000 -1.2035168 -0.3383773 -1.1677604 -0.0052128 0.0522336 -0.0330405 -0.0106664 -0.1041245 0.3217452
0.1000000 -1.2036232 -0.3373528 -1.1683573 -0.0054108 0.0493637 -0.0255477 -0.0087364 -0.1888601 0.4314738
0.1200000 -1.2037332 -0.3364027 -1.1687823 -0.0055623 0.0446792 -0.0157816 -0.0059817 -0.2855322 0.5483671
0.1400000 -1.2038457 -0.3355657 -1.1689885 -0.0056501 0.0379424 -0.0036130 -0.0023582 -0.3938661 0.6708620
0.1600000 -1.2039592 -0.3348850 -1.1689268 -0.0056566 0.0289245 0.0110529 0.0021444 -0.5132443 0.7971393
0.1800000 -1.2040720 -0.3344087 -1.1685464 -0.0055643 0.0174126 0.0282725 0.0075015 -0.6427075 0.9251551
0.2000000 -1.2041818 -0.3341885 -1.1677959 -0.0053566 0.0032162 0.0480591 0.0136547 -0.7809602 1.0526749
0.2200000 -1.2042862 -0.3342800 -1.1666240 -0.0050181 -0.0138258 0.0703795 0.0205135 -0.9263802 1.1773082
0.2400000 -1.2043825 -0.3347416 -1.1649807 -0.0045360 -0.0338390 0.0951514 0.0279573 -1.0770298 1.2965441
0.2600000 -1.2044677 -0.3356336 -1.1628180 -0.0038998 -0.0569070 0.1222413 0.0358397 -1.2306772 1.4077921
0.2800000 -1.2045385 -0.3370179 -1.1600911 -0.0031024 -0.0830661 0.1514631 0.0439929 -1.3848300 1.5084350
0.3000000 -1.2045918 -0.3389562 -1.1567595 -0.0021401 -0.1123002 0.1825787 0.0522325 -1.5367943 1.5959124
0.3200000 -1.2046241 -0.3415099 -1.1527879 -0.0010131 -0.1445379 0.2152996 0.0603627 -1.6837648 1.6678497
0.3400000 -1.2046323 -0.3447378 -1.1481475 0.0002744 -0.1796508 0.2492927 0.0681807 -1.8229477 1.7222209
0.3600000 -1.2046131 -0.3486959 -1.1428162 0.0017141 -0.2174558 0.2841885 0.0754851 -1.9516954 1.7575083
0.3800000 -1.2045637 -0.3534360 -1.1367799 0.0032938 -0.2577186 0.3195930 0.0820848 -2.0676293 1.7728189
0.4000000 -1.2044814 -0.3590046 -1.1300325 0.0049975 -0.3001609 0.3551012 0.0878109 -2.1687147 1.7679164
0.4200000 -1.2043638 -0.3654424 -1.1225759 0.0068062 -0.3444672 0.3903097 0.0925274 -2.2532631 1.7431476
0.4400000 -1.2042091 -0.3727833 -1.1144201 0.0086986 -0.3902915 0.4248271 0.0961400 -2.3198830 1.6992998
0.4600000 -1.2040159 -0.3810541 -1.1055828 0.0106518 -0.4372625 0.4582817 0.0986023 -2.3674324 1.6374657
0.4800000 -1.2037831 -0.3902738 -1.0960888 0.0126427 -0.4849888 0.4903258 0.0999189 -2.3950086 1.5589646
0.5000000 -1.2035102 -0.4004536 -1.0859698 0.0146486 -0.5330629 0.5206402 0.1001458 -2.4019645 1.4653038
0.5200000 -1.2031971 -0.4115963 -1.0752632 0.0166485 -0.5810673 0.5489379 0.0993875 -2.3879300 1.3581503
0.5400000 -1.2028442 -0.4236963 -1.0640123 0.0186241 -0.6285801 0.5749663 0.0977915 -2.3528253 1.2392996
0.5600000 -1.2024522 -0.4367395 -1.0522646 0.0205602 -0.6751804 0.5985099 0.0955393 -2.2968660 1.1106383
0.5800000 -1.2020218 -0.4507035 -1.0400719 0.0224457 -0.7204547 0.6193918 0.0928356 -2.2205584 0.9741040
0.6000000 -1.2015543 -0.4655577 -1.0274889 0.0242736 -0.7640027 0.6374740 0.0898945 -2.1246874 0.8316429
0.6200000 -1.2010509 -0.4812637 -1.0145729 0.0260414 -0.8054422 0.6526575 0.0869244 -2.0102966 0.6851678
0.6400000 -1.2005127 -0.4977754 -1.0013826 0.0277506 -0.8444146 0.6648808 0.0841118 -1.8786635 0.5365171
0.6600000 -1.1999409 -0.5150402 -0.9879777 0.0294059 -0.8805887 0.6741182 0.0816058 -1.7312690 0.3874178
0.6800000 -1.1993364 -0.5329990 -0.9744179 0.0310148 -0.9136653 0.6803775 0.0795025 -1.5697640 0.2394523
0.7000000 -1.1987003 -0.5515868 -0.9607626 0.0325860 -0.9433793 0.6836963 0.0778325 -1.3959348 0.0940326
0.7200000 -1.1980330 -0.5707341 -0.9470700 0.0341281 -0.9695027 0.6841388 0.0765497 -1.2116670 -0.0476192
0.7400000 -1.1973351 -0.5903670 -0.9333970 0.0356480 -0.9918460 0.6817915 0.0755246 -1.0189106 -0.1844824
0.7600000 -1.1966071 -0.6104080 -0.9197984 0.0371491 -1.0102591 0.6767595 0.0745410 -0.8196465 -0.3157402
0.7800000 -1.1958492 -0.6307773 -0.9063266 0.0386296 -1.0246318 0.6691619 0.0732964 -0.6158555 -0.4407738
0.8000000 -1.1950619 -0.6513933 -0.8930319 0.0400809 -1.0348933 0.6591285 0.0714077 -0.4094902 -0.5591492
0.8200000 -1.1942459 -0.6721731 -0.8799615 0.0414859 -1.0410115 0.6467959 0.0684203 -0.2024501 -0.6705961
0.8400000 -1.1934025 -0.6930337 -0.8671601 0.0428178 -1.0429914 0.6323047 0.0638225 0.0034388 -0.7749805
0.8600000 -1.1925332 -0.7138927 -0.8546693 0.0440388 -1.0408739 0.6157967 0.0570629 0.2064413 -0.8722737
0.8800000 -1.1916409 -0.7346687 -0.8425282 0.0451003 -1.0347337 0.5974137 0.0475723 0.4049257 -0.9625178
0.9000000 -1.1907292 -0.7552821 -0.8307728 0.0459417 -1.0246769 0.5772960 0.0347896 0.5973733 -1.0457909
0.9200000 -1.1898032 -0.7756557 -0.8194363 0.0464919 -1.0108388 0.5555821 0.0181894 0.7823841 -1.1221733
0.9400000 -1.1888695 -0.7957156 -0.8085495 0.0466693 -0.9933815 0.5324091 -0.0026861 0.9586798 -1.1917176
0.9600000 -1.1879365 -0.8153910 -0.7981400 0.0463844 -0.9724916 0.5079134 -0.0281944 1.1251034 -1.2544225
0.9800000 -1.1870142 -0.8346153 -0.7882329 0.0455415 -0.9483774 0.4822322 -0.0585573 1.2806178 -1.3102147
1.0000000 -1.1861148 -0.8533261 -0.7788507 0.0440421 -0.9212669 0.4555048 -0.0938263 1.4243024 -1.3589376
1.0200000 -1.1852525 -0.8714659 -0.7700127 0.0417885 -0.8914053 0.4278747 -0.1338470 1.5553488 -1.4003484
1.0400000 -1.1844433 -0.8889823 -0.7617357 0.0386882 -0.8590529 0.3994909 -0.1782251 1.6730569 -1.4341244
1.0600000 -1.1837050 -0.9058281 -0.7540331 0.0346595 -0.8244830 0.3705097 -0.2262955 1.7768308 -1.4598775
1.0800000 -1.1830569 -0.9219616 -0.7469153 0.0296364 -0.7879797 0.3410958 -0.2770945 1.8661763 -1.4771760
1.1000000 -1.1825195 -0.9373472 -0.7403893 0.0235757 -0.7498360 0.3114227 -0.3293375 1.9406987 -1.4855735
1.1200000 -1.1821139 -0.9519551 -0.7344584 0.0164629 -0.7103517 0.2816728 -0.3814039 2.0001038 -1.4846422
1.1400000 -1.1818610 -0.9657613 -0.7291224 0.0083195 -0.6698318 0.2520370 -0.4313307 2.0441989 -1.4740089
1.1600000 -1.1817811 -0.9787483 -0.7243769 -0.0007903 -0.6285838 0.2227125 -0.4768162 2.0728978 -1.4533924
1.1800000 -1.1818926 -0.9909047 -0.7202139 -0.0107531 -0.5869159 0.1939013 -0.5152371 2.0862251 -1.4226383
1.2000000 -1.1822112 -1.0022250 -0.7166209 -0.0213998 -0.5451348 0.1658069 -0.5436786 2.0843244 -1.3817507
1.2200000 -1.1827486 -1.0127101 -0.7135816 -0.0325003 -0.5035429 0.1386312 -0.5589820 2.0674653 -1.3309178
1.2400000 -1.1835112 -1.0223667 -0.7110756 -0.0437591 -0.4624362 0.1125702 -0.5578089 2.0360525 -1.2705299
1.2600000 -1.1844989 -1.0312075 -0.7090788 -0.0548126 -0.4221008 0.0878101 -0.5367245 1.9906326 -1.2011888
1.2800000 -1.1857037 -1.0392507 -0.7075632 -0.0652280 -0.3828108 0.0645227 -0.4923003 1.9319017 -1.1237073
1.3000000 -1.1871081 -1.0465199 -0.7064979 -0.0745046 -0.3448248 0.0428618 -0.4212368 1.8607087 -1.0390986
1.3200000 -1.1886839 -1.0530437 -0.7058488 -0.0820775 -0.3083825 0.0229587 -0.3205040 1.7780574 -0.9485566
1.3400000 -1.1903912 -1.0588552 -0.7055795 -0.0873248 -0.2737025 0.0049195 -0.1875005 1.6851036 -0.8534267
1.3600000 -1.1921769 -1.0639918 -0.7056520 -0.0895775 -0.2409784 -0.0111783 -0.0202258 1.5831483 -0.7551695
1.3800000 -1.1939743 -1.0684944 -0.7060267 -0.0881338 -0.2103765 -0.0252873 0.1825364 1.4736259 -0.6553192
1.4000000 -1.1957022 -1.0724069 -0.7066635 -0.0822761 -0.1820333 -0.0373911 0.4210301 1.3580880 -0.5554368
1.4200000 -1.1972653 -1.0757757 -0.7075223 -0.0712926 -0.1560530 -0.0475048 0.6943408 1.2381812 -0.4570637
1.4400000 -1.1985539 -1.0786490 -0.7085637 -0.0545024 -0.1325061 -0.0556736 1.0002186 1.1156215 -0.3616739
1.4600000 -1.1994454 -1.0810759 -0.7097492 -0.0312839 -0.1114281 -0.0619717 1.3349220 0.9921644 -0.2706304
1.4800000 -1.1998053 -1.0831061 -0.7110425 -0.0011056 -0.0928195 -0.0664989 1.6930913 0.8695720 -0.1851459
1.5000000 -1.1994896 -1.0847887 -0.7124092 0.0364398 -0.0766453 -0.0693775 2.0676650 0.7495779 -0.1062491
1.5200000 -1.1983477 -1.0861719 -0.7138176 0.0816010 -0.0628364 -0.0707488 2.4498524 0.6338524 -0.0347595
1.5400000 -1.1962256 -1.0873022 -0.7152392 0.1344339 -0.0512912 -0.0707679 2.8291758 0.5239667 0.0287292
1.5600000 -1.1929704 -1.0882236 -0.7166483 0.1947681 -0.0418777 -0.0695997 3.1935961 0.4213603 0.0838577
1.5800000 -1.1884349 -1.0889773 -0.7180231 0.2621777 -0.0344368 -0.0674136 3.5297372 0.3273100 0.1304990
1.6000000 -1.1824832 -1.0896010 -0.7193449 0.3359576 -0.0287853 -0.0643797 3.8232224 0.2429043 0.1687480
1.6200000 -1.1749966 -1.0901287 -0.7205983 0.4151066 -0.0247206 -0.0606637 4.0591353 0.1690209 0.1989027
1.6400000 -1.1658790 -1.0905899 -0.7217714 0.4983230 -0.0220245 -0.0564236 4.2226170 0.1063115 0.2214369
1.6600000 -1.1550637 -1.0910097 -0.7228553 0.5840113 -0.0204681 -0.0518062 4.2996086 0.0551907 0.2369667
1.6800000 -1.1425185 -1.0914086 -0.7238437 0.6703073 -0.0198168 -0.0469449 4.2777460 0.0158328 0.2462114
1.7000000 -1.1282514 -1.0918024 -0.7247331 0.7551211 -0.0198348 -0.0419578 4.1474097 -0.0118270 0.2499501
1.7200000 -1.1123137 -1.0922020 -0.7255220 0.8362037 -0.0202899 -0.0369469 3.9029298 -0.0280849 0.2489749
1.7400000 -1.0948032 -1.0926140 -0.7262109 0.9112383 -0.0209582 -0.0319988 3.5439417 -0.0334559 0.2440438
1.7600000 -1.0758641 -1.0930403 -0.7268020 0.9779614 -0.0216282 -0.0271852 3.0768826 -0.0286576 0.2358326
1.7800000 -1.0556848 -1.0934791 -0.7272984 1.0343136 -0.0221045 -0.0225655 2.5165073 -0.0145896 0.2248905
1.8000000 -1.0344916 -1.0939245 -0.7277046 1.0786217 -0.0222117 -0.0181895 1.8867479 0.0076885 0.2116100
1.8200000 -1.0125399 -1.0943675 -0.7280259 1.1097836 -0.0217970 -0.0141011 1.2194643 0.0369810 0.1962357
1.8400000 -0.9901003 -1.0947964 -0.7282686 1.1274002 -0.0207325 -0.0103401 0.5501442 0.0719814 0.1789262
1.8600000 -0.9674439 -1.0951968 -0.7284395 1.1317893 -0.0189177 -0.0069440 -0.0880041 0.1112947 0.1598423
1.8800000 -0.9448287 -1.0955531 -0.7285464 1.1238801 -0.0162807 -0.0039464 -0.6685627 0.1534605 0.1392133
1.9000000 -0.9224887 -1.0958481 -0.7285974 1.1050468 -0.0127793 -0.0013755 -1.1734753 0.1969743 0.1173563
1.9200000 -0.9006268 -1.0960643 -0.7286014 1.0769411 -0.0084017 0.0007478 -1.5925003 0.2403148 0.0946623
1.9400000 -0.8794110 -1.0961841 -0.7285675 1.0413468 -0.0031667 0.0024110 -1.9219402 0.2819741 0.0715727
1.9600000 -0.8589729 -1.0961909 -0.7285050 1.0000634 0.0028772 0.0036107 -2.1633073 0.3204953 0.0485573
1.9800000 -0.8394085 -1.0960691 -0.7284231 0.9548145 0.0096531 0.0043533 -2.3220524 0.3545122 0.0260934
2.0000000 -0.8207804 -1.0958048 -0.7283308 0.9071814 0.0170577 0.0046545 -2.4063797 0.3827928 0.0046482
2.0200000 -0.8031212 -1.0953867 -0.7282369 0.8585593 0.0249648 0.0045392 -2.4261882 0.4042827 -0.0153378
2.0400000 -0.7864380 -1.0948062 -0.7281493 0.8101338 0.0332290 0.0040410 -2.3922082 0.4181454 -0.0334669
2.0600000 -0.7707159 -1.0940576 -0.7280752 0.7628710 0.0416906 0.0032005 -2.3153758 0.4237944 -0.0493990
2.0800000 -0.7559231 -1.0931386 -0.7280212 0.7175188 0.0501808 0.0020650 -2.2063888 0.4209157 -0.0628655
2.1000000 -0.7420151 -1.0920504 -0.7279926 0.6746155 0.0585273 0.0006859 -2.0753175 0.4094839 -0.0736785
2.1200000 -0.7289385 -1.0907975 -0.7279938 0.6345061 0.0665602 -0.0008821 -1.9312128 0.3897723 -0.0817357
2.1400000 -0.7166349 -1.0893879 -0.7280279 0.5973669 0.0741181 -0.0025835 -1.7817704 0.3623525 -0.0870207
2.1600000 -0.7050439 -1.0878328 -0.7280971 0.5632353 0.0810543 -0.0043630 -1.6331662 0.3280718 -0.0895992
2.1800000 -0.6941055 -1.0861458 -0.7282024 0.5320403 0.0872410 -0.0061675 -1.4901218 0.2879980 -0.0896115
2.2000000 -0.6837622 -1.0843431 -0.7283438 0.5036304 0.0925742 -0.0079474 -1.3561317 0.2433417 -0.0872598
2.2200000 -0.6739603 -1.0824428 -0.7285203 0.4777950 0.0969747 -0.0096579 -1.2337061 0.1953777 -0.0827955
2.2400000 -0.6646504 -1.0804641 -0.7287301 0.4542822 0.1003893 -0.0112592 -1.1245548 0.1453795 -0.0765042
2.2600000 -0.6557890 -1.0784272 -0.7289707 0.4328128 0.1027899 -0.0127180 -1.0297334 0.0945645 -0.0686923
2.2800000 -0.6473379 -1.0763525 -0.7292389 0.4130928 0.1041719 -0.0140069 -0.9497761 0.0440485 -0.0596732
2.3000000 -0.6392653 -1.0742604 -0.7295310 0.3948218 0.1045518 -0.0151050 -0.8847735 -0.0051789 -0.0497571
2.3200000 -0.6315451 -1.0721705 -0.7298431 0.3777019 0.1039647 -0.0159972 -0.8343553 -0.0522480 -0.0392467
2.3400000 -0.6241572 -1.0701018 -0.7301709 0.3614476 0.1024619 -0.0166748 -0.7976379 -0.0963876 -0.0284344
2.3600000 -0.6170871 -1.0680720 -0.7305101 0.3457964 0.1001092 -0.0171346 -0.7732560 -0.1369192 -0.0175986
2.3800000 -0.6103253 -1.0660974 -0.7308563 0.3305173 0.0969851 -0.0173788 -0.7595107 -0.1732774 -0.0069954
2.4000000 -0.6038665 -1.0641926 -0.7312052 0.3154159 0.0931781 -0.0174144 -0.7545365 -0.2050314 0.0031486
2.4200000 -0.5977087 -1.0623703 -0.7315528 0.3003359 0.0887839 -0.0172528 -0.7563871 -0.2318839 0.0126392
2.4400000 -0.5918530 -1.0606412 -0.7318953 0.2851605 0.0839028 -0.0169088 -0.7630672 -0.2536556 0.0213138
2.4600000 -0.5863023 -1.0590142 -0.7322292 0.2698132 0.0786376 -0.0164003 -0.7725945 -0.2702776 0.0290424
2.4800000 -0.5810605 -1.0574957 -0.7325513 0.2542567 0.0730917 -0.0157472 -0.7831016 -0.2817954 0.0357295
2.5000000 -0.5761320 -1.0560905 -0.7328591 0.2384891 0.0673658 -0.0149711 -0.7929105 -0.2883655 0.0413146
2.5200000 -0.5715209 -1.0548011 -0.7331502 0.2225402 0.0615570 -0.0140946 -0.8005567 -0.2902427 0.0457698
2.5400000 -0.5672304 -1.0536282 -0.7334229 0.2064669 0.0557561 -0.0131403 -0.8047987 -0.2877625 0.0490965
2.5600000 -0.5632623 -1.0525709 -0.7336758 0.1903483 0.0500465 -0.0121307 -0.8046296 -0.2813279 0.0513224
2.5800000 -0.5596165 -1.0516264 -0.7339081 0.1742817 0.0445030 -0.0110874 -0.7992906 -0.2713972 0.0524986
2.6000000 -0.5562910 -1.0507907 -0.7341193 0.1583767 0.0391906 -0.0100308 -0.7882886 -0.2584741 0.0526971
2.6200000 -0.5532814 -1.0500587 -0.7343093 0.1427501 0.0341640 -0.0089795 -0.7714077 -0.2430983 0.0520084
2.6400000 -0.5505810 -1.0494242 -0.7344785 0.1275204 0.0294667 -0.0079504 -0.7486938 -0.2258315 0.0505379
2.6600000 -0.5481806 -1.0488801 -0.7346273 0.1128024 0.0251308 -0.0069580 -0.7204154 -0.2072390 0.0484007
2.6800000 -0.5460689 -1.0484189 -0.7347568 0.0987038 0.0211771 -0.0060144 -0.6870135 -0.1878711 0.0457170
2.7000000 -0.5442324 -1.0480330 -0.7348679 0.0853218 0.0176159 -0.0051293 -0.6490418 -0.1682433 0.0426069
2.7200000 -0.5426560 -1.0477143 -0.7349620 0.0727421 0.0144474 -0.0043101 -0.3144938 -0.0792130 0.0204800
2.7400000 -0.5413228 -1.0474551 -0.7350403 0.0727421 0.0144474 -0.0043101 -0.3144938 -0.0792130 0.0204800
