0.0000000 -1.2054083 -0.3340971 -1.1649684 -0.0099910 0.0278515 -0.0023455 -0.0111071 -0.0158240 0.0737782
0.0200000 -1.2056013 -0.3335416 -1.1650380 -0.0099910 0.0278515 -0.0023455 -0.0111071 -0.0158240 0.0737782
0.0400000 -1.2058080 -0.3329831 -1.1650622 -0.0104353 0.0272185 0.0006057 -0.0084068 -0.0746678 0.1836273
0.0600000 -1.2060187 -0.3324528 -1.1650138 -0.0103272 0.0248647 0.0049996 0.0224473 -0.1686742 0.2599424
0.0800000 -1.2062211 -0.3319885 -1.1648622 -0.0095374 0.0204715 0.0110034 0.0598784 -0.2785532 0.3440663
0.1000000 -1.2064002 -0.3316340 -1.1645736 -0.0079321 0.0137226 0.0187623 0.1039988 -0.4039355 0.4347382
0.1200000 -1.2065383 -0.3314396 -1.1641117 -0.0053774 0.0043141 0.0283929 0.1547527 -0.5439472 0.5303812
0.1400000 -1.2066153 -0.3314614 -1.1634379 -0.0017420 -0.0080353 0.0399775 0.2119109 -0.6971972 0.6292047
0.1600000 -1.2066080 -0.3317610 -1.1625126 0.0030990 -0.0235738 0.0535611 0.2750645 -0.8617735 0.7292934
0.1800000 -1.2064913 -0.3324043 -1.1612955 0.0092606 -0.0425062 0.0691493 0.3436183 -1.0352518 0.8286887
0.2000000 -1.2062376 -0.3334612 -1.1597466 0.0168438 -0.0649838 0.0867086 0.4167881 -1.2147260 0.9254656
0.2200000 -1.2058176 -0.3350037 -1.1578271 0.0259321 -0.0910952 0.1061679 0.4936001 -1.3968611 1.0177985
0.2400000 -1.2052003 -0.3371050 -1.1554999 0.0365878 -0.1208583 0.1274206 0.5728951 -1.5779716 1.1040121
0.2600000 -1.2043540 -0.3398380 -1.1527303 0.0488479 -0.1542141 0.1503284 0.6533391 -1.7541232 1.1826172
0.2800000 -1.2032464 -0.3432736 -1.1494868 0.0627213 -0.1910232 0.1747253 0.7334407 -1.9212539 1.2523280
0.3000000 -1.2018452 -0.3474790 -1.1457413 0.0781855 -0.2310643 0.2004215 0.8115773 -2.0753119 1.3120666
0.3200000 -1.2001190 -0.3525162 -1.1414699 0.0951844 -0.2740357 0.2272079 0.8860332 -2.2124105 1.3609681
0.3400000 -1.1980378 -0.3584404 -1.1366530 0.1136269 -0.3195607 0.2548602 0.9550539 -2.3290014 1.3984001
0.3600000 -1.1955739 -0.3652986 -1.1312755 0.1333866 -0.3671957 0.2831439 1.0169080 -2.4220462 1.4239872
0.3800000 -1.1927023 -0.3731282 -1.1253272 0.1543032 -0.4164425 0.3118197 1.0699468 -2.4891429 1.4376068
0.4000000 -1.1894018 -0.3819563 -1.1188027 0.1761844 -0.4667615 0.3406482 1.1126455 -2.5285697 1.4393311
0.4200000 -1.1856550 -0.3917987 -1.1117013 0.1988090 -0.5175853 0.3693929 1.1436349 -2.5392724 1.4293418
0.4400000 -1.1814494 -0.4026597 -1.1040270 0.2219298 -0.5683324 0.3978219 1.1617458 -2.5208661 1.4078805
0.4600000 -1.1767778 -0.4145320 -1.0957884 0.2452788 -0.6184200 0.4257082 1.1660780 -2.4736973 1.3752693
0.4800000 -1.1716383 -0.4273965 -1.0869987 0.2685730 -0.6672803 0.4528326 1.1560846 -2.3989430 1.3319824
0.5000000 -1.1660349 -0.4412232 -1.0776751 0.2915222 -0.7143777 0.4789875 1.1316452 -2.2986756 1.2787128
0.5200000 -1.1599774 -0.4559716 -1.0678392 0.3138388 -0.7592273 0.5039811 1.0930834 -2.1757893 1.2163660
0.5400000 -1.1534813 -0.4715923 -1.0575159 0.3352455 -0.8014093 0.5276421 1.0411012 -2.0337248 1.1459386
0.5600000 -1.1465676 -0.4880280 -1.0467335 0.3554828 -0.8405763 0.5498187 0.9766593 -1.8760743 1.0683327
0.5800000 -1.1392620 -0.5052153 -1.0355231 0.3743119 -0.8764522 0.5703754 0.9008691 -1.7062478 0.9842170
0.6000000 -1.1315951 -0.5230861 -1.0239185 0.3915176 -0.9088262 0.5891874 0.8149383 -1.5273024 0.8939942
0.6200000 -1.1236013 -0.5415684 -1.0119556 0.4069095 -0.9375443 0.6061352 0.7201539 -1.3418964 0.7978452
0.6400000 -1.1153187 -0.5605878 -0.9996731 0.4203237 -0.9625020 0.6211012 0.6178741 -1.1522895 0.6958011
0.6600000 -1.1067883 -0.5800685 -0.9871116 0.4316244 -0.9836359 0.6339672 0.5095162 -0.9603581 0.5878164
0.6800000 -1.0980537 -0.5999333 -0.9743144 0.4407044 -1.0009164 0.6446138 0.3965397 -0.7676164 0.4738389
0.7000000 -1.0891602 -0.6201051 -0.9613270 0.4474860 -1.0143406 0.6529208 0.2804247 -0.5752467 0.3538760
0.7200000 -1.0801543 -0.6405069 -0.9481976 0.4519214 -1.0239262 0.6587689 0.1626496 -0.3841380 0.2280532
0.7400000 -1.0710833 -0.6610622 -0.9349763 0.4539920 -1.0297061 0.6620429 0.0446668 -0.1949322 0.0966659
0.7600000 -1.0619946 -0.6816951 -0.9217158 0.4537080 -1.0317235 0.6626355 -0.0721192 -0.0080775 -0.0397783
0.7800000 -1.0529350 -0.7023311 -0.9084709 0.4511072 -1.0300292 0.6604518 -0.1863732 0.1761125 -0.1805272
0.8000000 -1.0439503 -0.7228963 -0.8952978 0.4462531 -1.0246790 0.6554144 -0.2968460 0.3573960 -0.3245644
0.8200000 -1.0350849 -0.7433183 -0.8822543 0.4392334 -1.0157333 0.6474692 -0.4023885 0.5355390 -0.4706011
0.8400000 -1.0263810 -0.7635256 -0.8693990 0.4301576 -1.0032575 0.6365904 -0.5019620 0.7102518 -0.6170821
0.8600000 -1.0178786 -0.7834486 -0.8567907 0.4191549 -0.9873233 0.6227859 -0.5946447 0.8811304 -0.7622059
0.8800000 -1.0096148 -0.8030186 -0.8444876 0.4063718 -0.9680122 0.6061021 -0.6796355 1.0476034 -0.9039579
0.9000000 -1.0016237 -0.8221690 -0.8325466 0.3919695 -0.9454191 0.5866276 -0.7562558 1.2088896 -1.0401575
0.9200000 -0.9939360 -0.8408353 -0.8210225 0.3761216 -0.9196567 0.5644958 -0.8239497 1.3639679 -1.1685177
0.9400000 -0.9865788 -0.8589553 -0.8099667 0.3590115 -0.8908604 0.5398869 -0.8822843 1.5115624 -1.2867160
0.9600000 -0.9795755 -0.8764698 -0.7994270 0.3408302 -0.8591942 0.5130272 -0.9309502 1.6501457 -1.3924733
0.9800000 -0.9729456 -0.8933231 -0.7894457 0.3217735 -0.8248546 0.4841880 -0.9697637 1.7779628 -1.4836405
1.0000000 -0.9667046 -0.9094639 -0.7800595 0.3020396 -0.7880756 0.4536816 -0.9986703 1.8930767 -1.5582879
1.0200000 -0.9608640 -0.9248461 -0.7712984 0.2818267 -0.7491315 0.4218564 -1.0177508 1.9934383 -1.6147950
1.0400000 -0.9554315 -0.9394292 -0.7631852 0.2613296 -0.7083381 0.3890898 -1.0272285 2.0769808 -1.6519380
1.0600000 -0.9504109 -0.9531796 -0.7557348 0.2407375 -0.6660523 0.3557789 -1.0274797 2.1417400 -1.6689688
1.0800000 -0.9458020 -0.9660713 -0.7489540 0.2202304 -0.6226685 0.3223310 -1.0190436 2.1859990 -1.6656855
1.1000000 -0.9416016 -0.9780864 -0.7428416 0.1999758 -0.5786123 0.2891515 -1.0026331 2.2084516 -1.6424852
1.1200000 -0.9378030 -0.9892158 -0.7373880 0.1801251 -0.5343305 0.2566316 -0.9791333 2.2083506 -1.6003870
1.1400000 -0.9343966 -0.9994596 -0.7325763 0.1608104 -0.4902783 0.2251360 -0.9495713 2.1855670 -1.5409962
1.1600000 -0.9313706 -1.0088269 -0.7283825 0.1421422 -0.4469078 0.1949918 -0.9150452 2.1405222 -1.4664000
1.1800000 -0.9287109 -1.0173359 -0.7247766 0.1242086 -0.4046574 0.1664800 -0.8766390 2.0740720 -1.3790297
1.2000000 -0.9264022 -1.0250132 -0.7217233 0.1070767 -0.3639449 0.1398306 -0.8353622 1.9874705 -1.2815454
1.2200000 -0.9244279 -1.0318937 -0.7191834 0.0907942 -0.3251586 0.1152182 -0.7921194 1.8824253 -1.1767531
1.2400000 -0.9227705 -1.0380196 -0.7171146 0.0753919 -0.2886479 0.0927605 -0.7476820 1.7611321 -1.0675224
1.2600000 -0.9214122 -1.0434396 -0.7154730 0.0608869 -0.2547133 0.0725173 -0.7026454 1.6262227 -0.9566854
1.2800000 -0.9203350 -1.0482081 -0.7142139 0.0472861 -0.2235990 0.0544931 -0.6573832 1.4806653 -0.8469311
1.3000000 -0.9195208 -1.0523836 -0.7132933 0.0345915 -0.1954867 0.0386401 -0.6120112 1.3276616 -0.7407137
1.3200000 -0.9189513 -1.0560276 -0.7126683 0.0228056 -0.1704925 0.0248645 -0.5663626 1.1705374 -0.6401780
1.3400000 -0.9186085 -1.0592033 -0.7122987 0.0119370 -0.1486652 0.0130330 -0.5199741 1.0126241 -0.5471009
1.3600000 -0.9184739 -1.0619742 -0.7121470 0.0020067 -0.1299876 0.0029805 -0.4720883 0.8571581 -0.4628530
1.3800000 -0.9185283 -1.0644028 -0.7121795 -0.0069465 -0.1143789 -0.0054812 -0.4216747 0.7072041 -0.3883795
1.4000000 -0.9187517 -1.0665493 -0.7123662 -0.0148603 -0.1016994 -0.0125547 -0.3674624 0.5655669 -0.3241986
1.4200000 -0.9191227 -1.0684707 -0.7126817 -0.0216450 -0.0917562 -0.0184491 -0.3079838 0.4347021 -0.2704128
1.4400000 -0.9196175 -1.0702196 -0.7131042 -0.0271797 -0.0843113 -0.0233712 -0.2416414 0.3166784 -0.2267335
1.4600000 -0.9202099 -1.0718432 -0.7136165 -0.0313106 -0.0790891 -0.0275184 -0.1667944 0.2131854 -0.1925185
1.4800000 -0.9208699 -1.0733831 -0.7142049 -0.0338514 -0.0757839 -0.0310720 -0.0818508 0.1255159 -0.1668222
1.5000000 -0.9215639 -1.0748746 -0.7148594 -0.0345847 -0.0740684 -0.0341913 0.0146462 0.0544914 -0.1484523
1.5200000 -0.9222533 -1.0763459 -0.7155726 -0.0332656 -0.0736042 -0.0370101 0.1239245 0.0003897 -0.1360314
1.5400000 -0.9228945 -1.0778187 -0.7163398 -0.0296277 -0.0740529 -0.0396326 0.2468754 -0.0370593 -0.1280614
1.5600000 -0.9234384 -1.0793080 -0.7171579 -0.0233906 -0.0750866 -0.0421325 0.3839355 -0.0586195 -0.1229889
1.5800000 -0.9238302 -1.0808222 -0.7180251 -0.0142703 -0.0763976 -0.0445521 0.5349728 -0.0654842 -0.1192722
1.6000000 -0.9240092 -1.0823639 -0.7189400 -0.0019917 -0.0777060 -0.0469034 0.6991860 -0.0592200 -0.1154487
1.6200000 -0.9239098 -1.0839304 -0.7199012 0.0136972 -0.0787664 -0.0491701 0.8750228 -0.0417189 -0.1102012
1.6400000 -0.9234614 -1.0855146 -0.7209068 0.0330092 -0.0793747 -0.0513115 1.0601214 -0.0151510 -0.1024212
1.6600000 -0.9225895 -1.0871054 -0.7219537 0.0561020 -0.0793725 -0.0532669 1.2512777 0.0181064 -0.0912586
1.6800000 -0.9212173 -1.0886895 -0.7230375 0.0830604 -0.0786505 -0.0549618 1.4444401 0.0555831 -0.0761527
1.7000000 -0.9192671 -1.0902514 -0.7241522 0.1138796 -0.0771492 -0.0563130 1.6347450 0.0948476 -0.0568470
1.7200000 -0.9166621 -1.0917754 -0.7252900 0.1484501 -0.0748566 -0.0572357 1.8166066 0.1336206 -0.0333948
1.7400000 -0.9133290 -1.0932457 -0.7264416 0.1865439 -0.0718043 -0.0576488 1.9838709 0.1698602 -0.0061583
1.7600000 -0.9092003 -1.0946476 -0.7275959 0.2278050 -0.0680622 -0.0574820 2.1300401 0.2018218 0.0241988
1.7800000 -0.9042168 -1.0959682 -0.7287409 0.2717455 -0.0637315 -0.0566809 2.2485684 0.2280968 0.0567254
1.8000000 -0.8983305 -1.0971969 -0.7298632 0.3177477 -0.0589383 -0.0552130 2.3332195 0.2476449 0.0902223
1.8200000 -0.8915069 -1.0983257 -0.7309494 0.3650743 -0.0538257 -0.0530720 2.3784650 0.2598287 0.1233184
1.8400000 -0.8837275 -1.0993499 -0.7319861 0.4128863 -0.0485451 -0.0502803 2.3799085 0.2644424 0.1545820
1.8600000 -0.8749915 -1.1002675 -0.7329606 0.4602706 -0.0432480 -0.0468887 2.3347181 0.2617152 0.1826467
1.8800000 -0.8653167 -1.1010798 -0.7338616 0.5062750 -0.0380765 -0.0429744 2.2420275 0.2522790 0.2063295
1.9000000 -0.8547405 -1.1017906 -0.7346796 0.5499517 -0.0331568 -0.0386355 2.1031914 0.2370980 0.2247260
1.9200000 -0.8433187 -1.1024061 -0.7354070 0.5904027 -0.0285926 -0.0339853 1.9217485 0.2173687 0.2372747
1.9400000 -0.8311244 -1.1029343 -0.7360390 0.6268217 -0.0244621 -0.0291446 1.7030470 0.1944067 0.2437815
1.9600000 -0.8182458 -1.1033846 -0.7365728 0.6585246 -0.0208163 -0.0242341 1.4536735 0.1695401 0.2443978
1.9800000 -0.8047834 -1.1037669 -0.7370083 0.6849686 -0.0176805 -0.0193686 1.1808929 0.1440233 0.2395583
2.0000000 -0.7908470 -1.1040918 -0.7373476 0.7057603 -0.0150554 -0.0146518 0.8922248 0.1189767 0.2299000
2.0200000 -0.7765530 -1.1043692 -0.7375944 0.7206576 -0.0129214 -0.0101726 0.5951655 0.0953472 0.2161819
2.0400000 -0.7620207 -1.1046086 -0.7377545 0.7295669 -0.0112415 -0.0060045 0.2969894 0.0738865 0.1992170
2.0600000 -0.7473703 -1.1048188 -0.7378346 0.7325372 -0.0099659 -0.0022040 0.0045658 0.0551422 0.1798193
2.0800000 -0.7327193 -1.1050073 -0.7378426 0.7297496 -0.0090358 0.0011883 -0.2758197 0.0394609 0.1587644
2.1000000 -0.7181803 -1.1051802 -0.7377871 0.7215044 -0.0083875 0.0041466 -0.5386329 0.0270003 0.1367637
2.1200000 -0.7038591 -1.1053428 -0.7376768 0.7082042 -0.0079558 0.0066588 -0.7792530 0.0177486 0.1144502
2.1400000 -0.6898522 -1.1054985 -0.7375207 0.6903343 -0.0076775 0.0087246 -0.9941030 0.0115506 0.0923718
2.1600000 -0.6762457 -1.1056499 -0.7373278 0.6684401 -0.0074938 0.0103537 -1.1807131 0.0081347 0.0709914
2.1800000 -0.6631145 -1.1057982 -0.7371066 0.6431057 -0.0073522 0.0115643 -1.3377228 0.0071420 0.0506906
2.2000000 -0.6505215 -1.1059439 -0.7368652 0.6149312 -0.0072081 0.0123813 -1.4648380 0.0081547 0.0317750
2.2200000 -0.6385173 -1.1060866 -0.7366113 0.5845122 -0.0070260 0.0128353 -1.5627232 0.0107225 0.0144814
2.2400000 -0.6271410 -1.1062250 -0.7363518 0.5524223 -0.0067792 0.0129606 -1.6328099 0.0143844 -0.0010142
2.2600000 -0.6164204 -1.1063577 -0.7360929 0.5191998 -0.0064506 0.0127947 -1.6770742 0.0186877 -0.0145891
2.2800000 -0.6063730 -1.1064830 -0.7358400 0.4853393 -0.0060317 0.0123770 -1.6978695 0.0232054 -0.0261683
2.3000000 -0.5970068 -1.1065990 -0.7355978 0.4512850 -0.0055224 0.0117480 -1.6978203 0.0275526 -0.0357207
2.3200000 -0.5883216 -1.1067039 -0.7353701 0.4174265 -0.0049296 0.0109482 -1.6797076 0.0313994 -0.0432555
2.3400000 -0.5803098 -1.1067962 -0.7351599 0.3840967 -0.0042664 0.0100178 -1.6463041 0.0344789 -0.0488182
2.3600000 -0.5729577 -1.1068746 -0.7349694 0.3515743 -0.0035504 0.0089955 -1.6002033 0.0365917 -0.0524857
2.3800000 -0.5662468 -1.1069382 -0.7348001 0.3200886 -0.0028027 0.0079183 -1.5437185 0.0376078 -0.0543635
2.4000000 -0.5601542 -1.1069867 -0.7346526 0.2898256 -0.0020461 0.0068209 -1.4788846 0.0374663 -0.0545846
2.4200000 -0.5546538 -1.1070200 -0.7345272 0.2609332 -0.0013041 0.0057349 -1.4075260 0.0361729 -0.0533093
2.4400000 -0.5497169 -1.1070388 -0.7344232 0.2335246 -0.0005992 0.0046886 -1.3313128 0.0337947 -0.0507238
2.4600000 -0.5453128 -1.1070440 -0.7343397 0.2076807 0.0000477 0.0037060 -1.2517685 0.0304524 -0.0470366
2.4800000 -0.5414096 -1.1070369 -0.7342750 0.1834538 0.0006189 0.0028071 -1.1702486 0.0263108 -0.0424727
2.5000000 -0.5379746 -1.1070193 -0.7342274 0.1608708 0.0011001 0.0020071 -1.0879220 0.0215685 -0.0372683
2.5200000 -0.5349748 -1.1069929 -0.7341947 0.1399369 0.0014816 0.0013164 -1.0057661 0.0164465 -0.0316634
2.5400000 -0.5323772 -1.1069600 -0.7341747 0.1206401 0.0017580 0.0007406 -0.9245751 0.0111766 -0.0258948
2.5600000 -0.5301492 -1.1069226 -0.7341651 0.1029539 0.0019287 0.0002806 -0.8449778 0.0059896 -0.0201889
2.5800000 -0.5282590 -1.1068828 -0.7341635 0.0868410 0.0019976 -0.0000670 -0.4028232 0.0017227 -0.0086894
2.6000000 -0.5266756 -1.1068427 -0.7341678 0.0868410 0.0019976 -0.0000670 -0.4028232 0.0017227 -0.0086894
