0.0000000 -1.2020771 -0.3418181 -1.1639406 -0.0063235 0.0487562 -0.0342135 -0.0332318 0.0160832 0.0273894
0.0200000 -1.2021915 -0.3408541 -1.1646303 -0.0063235 0.0487562 -0.0342135 -0.0332318 0.0160832 0.0273894
0.0400000 -1.2023301 -0.3398679 -1.1653091 -0.0076527 0.0493996 -0.0331179 -0.0725646 0.0061794 0.0839706
0.0600000 -1.2024977 -0.3388781 -1.1659551 -0.0092260 0.0490034 -0.0308547 -0.0843224 -0.0511597 0.1462804
0.0800000 -1.2026991 -0.3379077 -1.1665433 -0.0110256 0.0473532 -0.0272667 -0.0949153 -0.1194890 0.2163113
0.1000000 -1.2029387 -0.3369840 -1.1670457 -0.0130226 0.0442239 -0.0222022 -0.1037943 -0.1991938 0.2936880
0.1200000 -1.2032200 -0.3361388 -1.1674314 -0.0151774 0.0393854 -0.0155192 -0.1104332 -0.2903663 0.3778038
0.1400000 -1.2035458 -0.3354086 -1.1676665 -0.0174400 0.0326092 -0.0070901 -0.1143518 -0.3927670 0.4678169
0.1600000 -1.2039176 -0.3348344 -1.1677150 -0.0197515 0.0236747 0.0031935 -0.1151407 -0.5058049 0.5626620
0.1800000 -1.2043358 -0.3344616 -1.1675388 -0.0220456 0.0123770 0.0154164 -0.1124851 -0.6285405 0.6610819
0.2000000 -1.2047994 -0.3343393 -1.1670983 -0.0242509 -0.0014669 0.0296368 -0.1061872 -0.7597110 0.7616772
0.2200000 -1.2053059 -0.3345203 -1.1663533 -0.0262931 -0.0180114 0.0458835 -0.0961848 -0.8977734 0.8629664
0.2400000 -1.2058512 -0.3350598 -1.1652630 -0.0280983 -0.0373778 0.0641554 -0.0825587 -1.0409554 0.9634402
0.2600000 -1.2064298 -0.3360154 -1.1637871 -0.0295954 -0.0596496 0.0844211 -0.0655192 -1.1872973 1.0615876
0.2800000 -1.2070350 -0.3374458 -1.1618861 -0.0307190 -0.0848697 0.1066189 -0.0453735 -1.3346751 1.1558827
0.3000000 -1.2076586 -0.3394102 -1.1595223 -0.0314104 -0.1130366 0.1306564 -0.0224887 -1.4808100 1.2447573
0.3200000 -1.2082914 -0.3419672 -1.1566599 -0.0316186 -0.1441021 0.1564092 0.0027306 -1.6232874 1.3265969
0.3400000 -1.2089233 -0.3451742 -1.1532659 -0.0313011 -0.1779681 0.1837203 0.0298459 -1.7596062 1.3997812
0.3600000 -1.2095434 -0.3490860 -1.1493111 -0.0304247 -0.2144863 0.2124005 0.0583777 -1.8872651 1.4627679
0.3800000 -1.2101403 -0.3537537 -1.1447699 -0.0289660 -0.2534587 0.2422310 0.0877975 -2.0038692 1.5141928
0.4000000 -1.2107021 -0.3592243 -1.1396218 -0.0269128 -0.2946411 0.2729682 0.1175282 -2.1072203 1.5529466
0.4200000 -1.2112168 -0.3655393 -1.1338512 -0.0242649 -0.3377476 0.3043489 0.1469566 -2.1953642 1.5782005
0.4400000 -1.2116727 -0.3727342 -1.1274479 -0.0210346 -0.3824557 0.3360962 0.1754534 -2.2665964 1.5893887
0.4600000 -1.2120582 -0.3808376 -1.1204074 -0.0172468 -0.4284114 0.3679244 0.2023958 -2.3194383 1.5861610
0.4800000 -1.2123625 -0.3898707 -1.1127309 -0.0129387 -0.4752332 0.3995426 0.2271885 -2.3525870 1.5683143
0.5000000 -1.2125757 -0.3998469 -1.1044256 -0.0081592 -0.5225149 0.4306570 0.2492827 -2.3648467 1.5357094
0.5200000 -1.2126889 -0.4107713 -1.0955046 -0.0029674 -0.5698271 0.4609710 0.2681909 -2.3550744 1.4882032
0.5400000 -1.2126944 -0.4226400 -1.0859868 0.0025684 -0.6167179 0.4901851 0.2834969 -2.3222242 1.4256626
0.5600000 -1.2125862 -0.4354400 -1.0758972 0.0083724 -0.6627160 0.5179975 0.2948638 -2.2655463 1.3481069
0.5800000 -1.2123595 -0.4491486 -1.0652669 0.0143630 -0.7073397 0.5441094 0.3020391 -2.1848731 1.2559206
0.6000000 -1.2120117 -0.4637336 -1.0541328 0.0204540 -0.7501110 0.5682343 0.3048592 -2.0808312 1.1500057
0.6200000 -1.2115414 -0.4791531 -1.0425375 0.0265573 -0.7905730 0.5901096 0.3032521 -1.9548885 1.0318023
0.6400000 -1.2109494 -0.4953565 -1.0305285 0.0325841 -0.8283065 0.6095064 0.2972366 -1.8092715 0.9032095
0.6600000 -1.2102380 -0.5122853 -1.0181573 0.0384468 -0.8629438 0.6262380 0.2869166 -1.6468210 0.7664646
0.6800000 -1.2094115 -0.5298742 -1.0054789 0.0440608 -0.8941794 0.6401650 0.2724710 -1.4708220 0.6240104
0.7000000 -1.2084756 -0.5480525 -0.9925507 0.0493456 -0.9217767 0.6511984 0.2541400 -1.2848136 0.4783571
0.7200000 -1.2074377 -0.5667453 -0.9794310 0.0542264 -0.9455719 0.6592993 0.2322087 -1.0923835 0.3319402
0.7400000 -1.2063065 -0.5858754 -0.9661787 0.0586340 -0.9654721 0.6644760 0.2069887 -0.8969469 0.1869775
0.7600000 -1.2050923 -0.6053642 -0.9528520 0.0625059 -0.9814498 0.6667784 0.1787992 -0.7015142 0.0453245
0.7800000 -1.2038063 -0.6251334 -0.9395076 0.0657859 -0.9935326 0.6662890 0.1479487 -0.5084595 -0.0916617
0.8000000 -1.2024609 -0.6451055 -0.9262004 0.0684238 -1.0017882 0.6631119 0.1147213 -0.3193520 -0.2232122
0.8200000 -1.2010693 -0.6652049 -0.9129831 0.0703748 -1.0063067 0.6573605 0.0793787 -0.1349824 -0.3491061
0.8400000 -1.1996459 -0.6853578 -0.8999060 0.0715990 -1.0071874 0.6491477 0.0421823 0.0443329 -0.4694494
0.8600000 -1.1982054 -0.7054924 -0.8870172 0.0720621 -1.0045334 0.6385825 0.0034261 0.2183077 -0.5843655
0.8800000 -1.1967634 -0.7255391 -0.8743627 0.0717360 -0.9984551 0.6257731 -0.0365376 0.3863805 -0.6937781
0.9000000 -1.1953359 -0.7454306 -0.8619863 0.0706006 -0.9890782 0.6108314 -0.0772903 0.5476863 -0.7973761
0.9200000 -1.1939394 -0.7651022 -0.8499294 0.0686444 -0.9765477 0.5938780 -0.1183529 0.7012265 -0.8947064
0.9400000 -1.1925902 -0.7844925 -0.8382311 0.0658665 -0.9610291 0.5750432 -0.1591958 0.8461057 -0.9853111
0.9600000 -1.1913047 -0.8035434 -0.8269277 0.0622766 -0.9427035 0.5544656 -0.1992484 0.9817635 -1.0688609
0.9800000 -1.1900991 -0.8222006 -0.8160525 0.0578965 -0.9217586 0.5322887 -0.2379052 1.1081366 -1.1452502
1.0000000 -1.1889889 -0.8404137 -0.8056361 0.0527604 -0.8983780 0.5086556 -0.2745221 1.2256352 -1.2145849
1.0200000 -1.1879887 -0.8581358 -0.7957063 0.0469156 -0.8727332 0.4837053 -0.3083977 1.3348648 -1.2770280
1.0400000 -1.1871122 -0.8753231 -0.7862879 0.0404245 -0.8449834 0.4575744 -0.3387508 1.4362265 -1.3325791
1.0600000 -1.1863717 -0.8919351 -0.7774033 0.0333656 -0.8152841 0.4304022 -0.3647088 1.5296459 -1.3809340
1.0800000 -1.1857776 -0.9079344 -0.7690718 0.0258361 -0.7837976 0.4023371 -0.3853134 1.6145523 -1.4214904
1.1000000 -1.1853383 -0.9232870 -0.7613098 0.0179531 -0.7507020 0.3735425 -0.3995402 1.6900281 -1.4534512
1.1200000 -1.1850595 -0.9379625 -0.7541301 0.0098545 -0.7161964 0.3441990 -0.4063215 1.7550064 -1.4759535
1.1400000 -1.1849441 -0.9519349 -0.7475419 0.0017002 -0.6805018 0.3145044 -0.4045712 1.8084600 -1.4881884
1.1600000 -1.1849915 -0.9651826 -0.7415500 -0.0063283 -0.6438580 0.2846715 -0.3932097 1.8495726 -1.4895055
1.1800000 -1.1851972 -0.9776892 -0.7361550 -0.0140282 -0.6065188 0.2549242 -0.3711899 1.8778846 -1.4794986
1.2000000 -1.1855526 -0.9894433 -0.7313530 -0.0211759 -0.5687427 0.2254916 -0.3375248 1.8933842 -1.4580610
1.2200000 -1.1860442 -1.0004389 -0.7271353 -0.0275292 -0.5307835 0.1966017 -0.2913187 1.8964774 -1.4253862
1.2400000 -1.1866538 -1.0106747 -0.7234889 -0.0328287 -0.4928836 0.1684761 -0.2318041 1.8878056 -1.3819050
1.2600000 -1.1873574 -1.0201542 -0.7203963 -0.0368013 -0.4552713 0.1413255 -0.1583837 1.8679929 -1.3281949
1.2800000 -1.1881258 -1.0288855 -0.7178359 -0.0391640 -0.4181638 0.1153483 -0.0706753 1.8374759 -1.2649207
1.3000000 -1.1889240 -1.0368808 -0.7157824 -0.0396283 -0.3817722 0.0907287 0.0314428 1.7964819 -1.1928289
1.3200000 -1.1897110 -1.0441564 -0.7142068 -0.0379063 -0.3463046 0.0676352 0.1477881 1.7451034 -1.1127710
1.3400000 -1.1904402 -1.0507330 -0.7130770 -0.0337168 -0.3119681 0.0462179 0.2778325 1.6833925 -1.0257265
1.3600000 -1.1910596 -1.0566351 -0.7123580 -0.0267930 -0.2789689 0.0266061 0.4206637 1.6114433 -0.9328110
1.3800000 -1.1915119 -1.0618917 -0.7120127 -0.0168903 -0.2475104 0.0089054 0.5749518 1.5294560 -0.8352720
1.4000000 -1.1917352 -1.0665355 -0.7120018 -0.0037949 -0.2177906 -0.0068048 0.7389224 1.4377851 -0.7344731
1.4200000 -1.1916637 -1.0706033 -0.7122849 0.0126666 -0.1899990 -0.0204735 0.9103394 1.3369720 -0.6318692
1.4400000 -1.1912286 -1.0741355 -0.7128208 0.0326186 -0.1643117 -0.0320795 1.0865005 1.2277644 -0.5289771
1.4600000 -1.1903590 -1.0771758 -0.7135681 0.0561266 -0.1408884 -0.0416326 1.2642474 1.1111233 -0.4273423
1.4800000 -1.1889835 -1.0797710 -0.7144861 0.0831885 -0.1198668 -0.0491732 1.4399926 0.9882238 -0.3285015
1.5000000 -1.1870314 -1.0819705 -0.7155350 0.1137263 -0.1013594 -0.0547726 1.6097565 0.8604598 -0.2339361
1.5200000 -1.1844344 -1.0838254 -0.7166770 0.1475788 -0.0854484 -0.0585307 1.7692134 0.7294540 -0.1450137
1.5400000 -1.1811283 -1.0853884 -0.7178762 0.1844949 -0.0721813 -0.0605732 1.9137523 0.5970635 -0.0629279
1.5600000 -1.1770547 -1.0867127 -0.7190999 0.2241289 -0.0615659 -0.0610478 2.0385718 0.4653604 0.0113461
1.5800000 -1.1721631 -1.0878511 -0.7203182 0.2660378 -0.0535668 -0.0601193 2.1388200 0.3365827 0.0770719
1.6000000 -1.1664131 -1.0888553 -0.7215047 0.3096817 -0.0481026 -0.0579649 2.2097713 0.2130656 0.1337534
1.6200000 -1.1597759 -1.0897752 -0.7226368 0.3544286 -0.0450442 -0.0547692 2.2470146 0.0971677 0.1811305
1.6400000 -1.1522360 -1.0906571 -0.7236954 0.3995623 -0.0442159 -0.0507197 2.2466330 -0.0088044 0.2191761
1.6600000 -1.1437934 -1.0915438 -0.7246655 0.4442939 -0.0453964 -0.0460022 2.2053976 -0.1026745 0.2480885
1.6800000 -1.1344642 -1.0924730 -0.7255355 0.4877782 -0.0483228 -0.0407962 2.1210243 -0.1824806 0.2682729
1.7000000 -1.1242822 -1.0934767 -0.7262974 0.5291349 -0.0526956 -0.0352712 1.9925208 -0.2465653 0.2803089
1.7200000 -1.1132988 -1.0945808 -0.7269464 0.5674790 -0.0581855 -0.0295838 1.8206151 -0.2936729 0.2849092
1.7400000 -1.1015831 -1.0958041 -0.7274807 0.6019595 -0.0644425 -0.0238749 1.6082352 -0.3230513 0.2828789
1.7600000 -1.0892205 -1.0971585 -0.7279014 0.6318084 -0.0711075 -0.0182687 1.3610082 -0.3345599 0.2750771
1.7800000 -1.0763108 -1.0986484 -0.7282115 0.6563998 -0.0778249 -0.0128718 1.0876784 -0.3287713 0.2623846
1.8000000 -1.0629645 -1.1002715 -0.7284162 0.6753155 -0.0842584 -0.0077733 0.8001515 -0.3070277 0.2456772
1.8200000 -1.0492981 -1.1020188 -0.7285224 0.6884059 -0.0901060 -0.0030447 0.5126693 -0.2713690 0.2258012
1.8400000 -1.0354282 -1.1038757 -0.7285380 0.6958223 -0.0951131 0.0012588 0.2399030 -0.2242875 0.2035491
1.8600000 -1.0214652 -1.1058233 -0.7284721 0.6980020 -0.0990775 0.0050973 -0.0053613 -0.1683918 0.1796379
1.8800000 -1.0075082 -1.1078388 -0.7283341 0.6956079 -0.1018488 0.0084443 -0.2138372 -0.1061434 0.1546931
1.9000000 -0.9936409 -1.1098972 -0.7281343 0.6894485 -0.1033233 0.0112850 -0.3801830 -0.0397408 0.1292427
1.9200000 -0.9799302 -1.1119718 -0.7278827 0.6804005 -0.1034384 0.0136140 -0.5026353 0.0288857 0.1037195
1.9400000 -0.9664249 -1.1140348 -0.7275897 0.6693431 -0.1021678 0.0154338 -0.5823163 0.0980279 0.0784720
1.9600000 -0.9531565 -1.1160585 -0.7272654 0.6571079 -0.0995173 0.0167529 -0.6224781 0.1661387 0.0537785
1.9800000 -0.9401406 -1.1180155 -0.7269196 0.6444440 -0.0955223 0.0175849 -0.6278269 0.2317858 0.0298643
2.0000000 -0.9273787 -1.1198794 -0.7265620 0.6319948 -0.0902459 0.0179475 -0.6039859 0.2936308 0.0069185
2.0200000 -0.9148608 -1.1216253 -0.7262017 0.6202845 -0.0837771 0.0178616 -0.5570641 0.3504284 -0.0148914
2.0400000 -0.9025674 -1.1232304 -0.7258475 0.6097123 -0.0762287 0.0173518 -0.4932781 0.4010342 -0.0354053
2.0600000 -0.8904723 -1.1246745 -0.7255077 0.6005534 -0.0677357 0.0164454 -0.4186268 0.4444166 -0.0544601
2.0800000 -0.8785452 -1.1259399 -0.7251897 0.5929672 -0.0584521 0.0151734 -0.3386684 0.4796806 -0.0718842
2.1000000 -0.8667536 -1.1270125 -0.7249007 0.5870067 -0.0485485 0.0135701 -0.2584308 0.5061058 -0.0874986
2.1200000 -0.8550649 -1.1278818 -0.7246469 0.5826300 -0.0382079 0.0116735 -0.1823996 0.5231865 -0.1011230
2.1400000 -0.8434484 -1.1285409 -0.7244338 0.5797107 -0.0276210 0.0095251 -0.1144700 0.5306614 -0.1125834
2.1600000 -0.8318765 -1.1289867 -0.7242659 0.5780512 -0.0169814 0.0071701 -0.0578310 0.5285223 -0.1217187
2.1800000 -0.8203264 -1.1292201 -0.7241470 0.5773975 -0.0064801 0.0046564 -0.0148719 0.5170116 -0.1283893
2.2000000 -0.8087806 -1.1292459 -0.7240797 0.5774563 0.0036991 0.0020345 0.0128000 0.4966112 -0.1324869
2.2200000 -0.7972281 -1.1290721 -0.7240656 0.5779095 0.0133843 -0.0006431 0.0242650 0.4680283 -0.1339476
2.2400000 -0.7856642 -1.1287105 -0.7241054 0.5784269 0.0224202 -0.0033234 0.0192324 0.4321738 -0.1327614
2.2600000 -0.7740910 -1.1281753 -0.7241985 0.5786788 0.0306713 -0.0059535 -0.0019498 0.3901354 -0.1289795
2.2800000 -0.7625171 -1.1274836 -0.7243435 0.5783489 0.0380256 -0.0084825 -0.0383122 0.3431397 -0.1227174
2.3000000 -0.7509571 -1.1266543 -0.7245378 0.5771463 0.0443969 -0.0108622 -0.0884039 0.2925005 -0.1141534
2.3200000 -0.7394312 -1.1257078 -0.7247780 0.5748127 0.0497256 -0.0130487 -0.1505153 0.2395607 -0.1035229
2.3400000 -0.7279646 -1.1246653 -0.7250598 0.5711257 0.0539793 -0.0150032 -0.2228563 0.1856386 -0.0911113
2.3600000 -0.7165862 -1.1235486 -0.7253781 0.5658985 0.0571512 -0.0166931 -0.3036213 0.1319879 -0.0772454
2.3800000 -0.7053286 -1.1223792 -0.7257275 0.5589808 0.0592588 -0.0180930 -0.3909772 0.0797686 -0.0622846
2.4000000 -0.6942270 -1.1211782 -0.7261019 0.5502594 0.0603419 -0.0191845 -0.4830361 0.0300247 -0.0466112
2.4200000 -0.6833183 -1.1199656 -0.7264949 0.5396594 0.0604598 -0.0199574 -0.5778398 -0.0163335 -0.0306193
2.4400000 -0.6726406 -1.1187598 -0.7269001 0.5271458 0.0596886 -0.0204093 -0.6733607 -0.0585429 -0.0147032
2.4600000 -0.6622324 -1.1175780 -0.7273113 0.5127249 0.0581181 -0.0205455 -0.7675190 -0.0959968 0.0007544
2.4800000 -0.6521316 -1.1164351 -0.7277220 0.4964450 0.0558487 -0.0203791 -0.8582148 -0.1282498 0.0153947
2.5000000 -0.6423746 -1.1153441 -0.7281264 0.4783963 0.0529881 -0.0199298 -0.9433746 -0.1550186 0.0288935
2.5200000 -0.6329958 -1.1143156 -0.7285192 0.4587101 0.0496480 -0.0192234 -1.0210097 -0.1761785 0.0409718
2.5400000 -0.6240262 -1.1133582 -0.7288954 0.4375560 0.0459410 -0.0182909 -1.0892876 -0.1917564 0.0514036
2.5600000 -0.6154935 -1.1124780 -0.7292508 0.4151385 0.0419777 -0.0171672 -1.1466105 -0.2019200 0.0600233
2.5800000 -0.6074207 -1.1116790 -0.7295820 0.3916915 0.0378642 -0.0158900 -1.1917032 -0.2069643 0.0667290
2.6000000 -0.5998259 -1.1109634 -0.7298864 0.3674704 0.0336991 -0.0144981 -1.2237014 -0.2072957 0.0714848
2.6200000 -0.5927219 -1.1103311 -0.7301620 0.3427435 0.0295723 -0.0130306 -1.2422213 -0.2034126 0.0743190
2.6400000 -0.5861161 -1.1097805 -0.7304076 0.3177816 0.0255626 -0.0115253 -1.2473644 -0.1958830 0.0753193
2.6600000 -0.5800106 -1.1093086 -0.7306230 0.2928489 0.0217370 -0.0100178 -1.2396359 -0.1853164 0.0746229
2.6800000 -0.5744022 -1.1089110 -0.7308083 0.2681961 0.0181500 -0.0085404 -1.2198243 -0.1723370 0.0724059
2.7000000 -0.5692828 -1.1085826 -0.7309646 0.2440559 0.0148435 -0.0071216 -1.1889213 -0.1575599 0.0688726
2.7200000 -0.5646399 -1.1083173 -0.7310932 0.2206393 0.0118476 -0.0057855 -1.1480920 -0.1415748 0.0642457
2.7400000 -0.5604572 -1.1081087 -0.7311960 0.1981322 0.0091805 -0.0045517 -1.0986430 -0.1249317 0.0587583
2.7600000 -0.5567146 -1.1079501 -0.7312753 0.1766936 0.0068503 -0.0034351 -1.0419687 -0.1081298 0.0526451
2.7800000 -0.5533894 -1.1078347 -0.7313334 0.1564535 0.0048554 -0.0024459 -0.9795042 -0.0916090 0.0461352
2.8000000 -0.5504565 -1.1077558 -0.7313731 0.1375134 0.0031860 -0.0015897 -0.9126954 -0.0757455 0.0394452
2.8200000 -0.5478889 -1.1077072 -0.7313970 0.1199457 0.0018255 -0.0008681 -0.8429858 -0.0608499 0.0327744
2.8400000 -0.5456587 -1.1076828 -0.7314078 0.1037940 0.0007520 -0.0002788 -0.7718080 -0.0471679 0.0263007
2.8600000 -0.5437372 -1.1076771 -0.7314082 0.0890734 -0.0000612 0.0001839 -0.7005628 -0.0348829 0.0201778
2.8800000 -0.5420957 -1.1076853 -0.7314005 0.0757715 -0.0006434 0.0005283 -0.6305653 -0.0241181 0.0145334
2.9000000 -0.5407063 -1.1077029 -0.7313870 0.0638507 -0.0010259 0.0007652 -0.5629773 -0.0149405 0.0094686
2.9200000 -0.5395417 -1.1077263 -0.7313699 0.0532524 -0.0012410 0.0009071 -0.4987444 -0.0073640 0.0050580
2.9400000 -0.5385762 -1.1077525 -0.7313507 0.0439010 -0.0013205 0.0009676 -0.2337848 -0.0019874 0.0015120
2.9600000 -0.5377857 -1.1077791 -0.7313312 0.0439010 -0.0013205 0.0009676 -0.2337848 -0.0019874 0.0015120
