0.0000000 -1.2043651 -0.3408764 -1.1643348 -0.0096268 0.0412492 -0.0207437 -0.0084321 0.0280413 0.0064208
0.0200000 -1.2045525 -0.3400665 -1.1647483 -0.0096268 0.0412492 -0.0207437 -0.0084321 0.0280413 0.0064208
0.0400000 -1.2047501 -0.3392264 -1.1651645 -0.0099640 0.0423709 -0.0204868 -0.0073967 0.0339169 0.0345692
0.0600000 -1.2049511 -0.3383717 -1.1655677 -0.0099226 0.0426059 -0.0193609 0.0136532 -0.0157508 0.0817459
0.0800000 -1.2051470 -0.3375222 -1.1659390 -0.0094179 0.0417409 -0.0172170 0.0390160 -0.0763923 0.1363445
0.1000000 -1.2053278 -0.3367020 -1.1662564 -0.0083620 0.0395502 -0.0139071 0.0688123 -0.1484467 0.1982140
0.1200000 -1.2054815 -0.3359401 -1.1664953 -0.0066654 0.0358030 -0.0092884 0.1030685 -0.2320111 0.2669843
0.1400000 -1.2055944 -0.3352699 -1.1666279 -0.0042392 0.0302698 -0.0032277 0.1417109 -0.3268186 0.3420693
0.1600000 -1.2056511 -0.3347294 -1.1666244 -0.0009970 0.0227302 0.0043943 0.1845628 -0.4322333 0.4226782
0.1800000 -1.2056343 -0.3343607 -1.1664522 0.0031433 0.0129804 0.0136794 0.2313403 -0.5472609 0.5078302
0.2000000 -1.2055254 -0.3342101 -1.1660772 0.0082566 0.0008398 0.0247075 0.2816474 -0.6705722 0.5963675
0.2200000 -1.2053041 -0.3343271 -1.1654639 0.0144092 -0.0138424 0.0375341 0.3349704 -0.8005343 0.6869693
0.2400000 -1.2049490 -0.3347638 -1.1645758 0.0216554 -0.0311816 0.0521863 0.3906754 -0.9352457 0.7781712
0.2600000 -1.2044378 -0.3355744 -1.1633764 0.0300362 -0.0512523 0.0686609 0.4480177 -1.0725773 0.8684068
0.2800000 -1.2037476 -0.3368139 -1.1618294 0.0395762 -0.0740847 0.0869226 0.5061651 -1.2102294 0.9560757
0.3000000 -1.2028548 -0.3385378 -1.1598995 0.0502828 -0.0996614 0.1069040 0.5642309 -1.3458119 1.0396285
0.3200000 -1.2017362 -0.3408004 -1.1575532 0.0621454 -0.1279171 0.1285077 0.6213083 -1.4769431 1.1176523
0.3400000 -1.2003690 -0.3436545 -1.1547592 0.0751351 -0.1587392 0.1516101 0.6764989 -1.6013545 1.1889391
0.3600000 -1.1987308 -0.3471499 -1.1514888 0.0892053 -0.1919713 0.1760653 0.7289268 -1.7169753 1.2525206
0.3800000 -1.1968008 -0.3513333 -1.1477166 0.1042922 -0.2274182 0.2017109 0.7777348 -1.8219773 1.3076542
0.4000000 -1.1945591 -0.3562467 -1.1434204 0.1203147 -0.2648504 0.2283715 0.8220668 -1.9147834 1.3537757
0.4200000 -1.1919882 -0.3619273 -1.1385817 0.1371749 -0.3040095 0.2558619 0.8610551 -1.9940697 1.3904510
0.4400000 -1.1890722 -0.3684071 -1.1331859 0.1547569 -0.3446132 0.2839895 0.8938237 -2.0587785 1.4173502
0.4600000 -1.1857979 -0.3757118 -1.1272222 0.1729278 -0.3863607 0.3125559 0.9195028 -2.1081379 1.4342381
0.4800000 -1.1821550 -0.3838615 -1.1206837 0.1915371 -0.4289387 0.3413590 0.9372498 -2.1416748 1.4409675
0.5000000 -1.1781364 -0.3928694 -1.1135678 0.2104178 -0.4720277 0.3701946 0.9462725 -2.1592144 1.4374701
0.5200000 -1.1737383 -0.4027426 -1.1058759 0.2293880 -0.5153073 0.3988578 0.9458526 -2.1608656 1.4237434
0.5400000 -1.1689609 -0.4134817 -1.0976135 0.2482519 -0.5584623 0.4271443 0.9353706 -2.1469922 1.3998358
0.5600000 -1.1638083 -0.4250811 -1.0887901 0.2668028 -0.6011870 0.4548513 0.9143289 -2.1181716 1.3658305
0.5800000 -1.1582888 -0.4375292 -1.0794194 0.2848251 -0.6431891 0.4817776 0.8823748 -2.0751432 1.3218298
0.6000000 -1.1524153 -0.4508086 -1.0695190 0.3020978 -0.6841927 0.5077245 0.8393203 -2.0187500 1.2679406
0.6200000 -1.1462049 -0.4648969 -1.0591104 0.3183979 -0.7239391 0.5324952 0.7851592 -1.9498758 1.2042640
0.6400000 -1.1396793 -0.4797662 -1.0482192 0.3335041 -0.7621877 0.5558950 0.7200794 -1.8693834 1.1308880
0.6600000 -1.1328647 -0.4953844 -1.0368746 0.3472011 -0.7987145 0.5777307 0.6444713 -1.7780575 1.0478867
0.6800000 -1.1257913 -0.5117148 -1.0251100 0.3592830 -0.8333100 0.5978105 0.5589302 -1.6765571 0.9553261
0.7000000 -1.1184934 -0.5287168 -1.0129622 0.3695583 -0.8657768 0.6159438 0.4642544 -1.5653809 0.8532767
0.7200000 -1.1110090 -0.5463459 -1.0004722 0.3778532 -0.8959253 0.6319415 0.3614378 -1.4448513 0.7418348
0.7400000 -1.1033793 -0.5645538 -0.9876846 0.3840158 -0.9235708 0.6456172 0.2516589 -1.3151180 0.6211515
0.7600000 -1.0956483 -0.5832887 -0.9746475 0.3879195 -0.9485300 0.6567876 0.1362650 -1.1761854 0.4914697
0.7800000 -1.0878625 -0.6024950 -0.9614131 0.3894664 -0.9706182 0.6652759 0.0167563 -1.0279648 0.3531693
0.8000000 -1.0800697 -0.6221134 -0.9480365 0.3885898 -0.9896486 0.6709144 -0.1052334 -0.8703508 0.2068180
0.8200000 -1.0723189 -0.6420809 -0.9345765 0.3852570 -1.0054323 0.6735487 -0.2279543 -0.7033224 0.0532286
0.8400000 -1.0646594 -0.6623307 -0.9210946 0.3794716 -1.0177815 0.6730435 -0.3495578 -0.5270651 -0.1064807
0.8600000 -1.0571400 -0.6827922 -0.9076547 0.3712747 -1.0265149 0.6692894 -0.4681112 -0.3421129 -0.2708233
0.8800000 -1.0498084 -0.7033913 -0.8943230 0.3607471 -1.0314660 0.6622106 -0.5816100 -0.1495033 -0.4378822
0.9000000 -1.0427101 -0.7240508 -0.8811663 0.3480103 -1.0324950 0.6517741 -0.6879892 0.0490660 -0.6052554
0.9200000 -1.0358880 -0.7446911 -0.8682520 0.3332276 -1.0295033 0.6380004 -0.7851521 0.2511386 -0.7700443
0.9400000 -1.0293810 -0.7652310 -0.8556463 0.3166042 -1.0224495 0.6209724 -0.8710480 0.4535739 -0.9289564
0.9600000 -1.0232238 -0.7855891 -0.8434131 0.2983857 -1.0113604 0.6008421 -0.9438219 0.6528730 -1.0785656
0.9800000 -1.0174456 -0.8056854 -0.8316126 0.2788514 -0.9963345 0.5778298 -1.0019904 0.8456389 -1.2156504
1.0000000 -1.0120698 -0.8254425 -0.8202999 0.2583060 -0.9775348 0.5522161 -1.0445670 1.0289351 -1.3374603
1.0200000 -1.0071134 -0.8447868 -0.8095240 0.2370687 -0.9551771 0.5243313 -1.0710998 1.2004274 -1.4418322
1.0400000 -1.0025870 -0.8636496 -0.7993267 0.2154620 -0.9295177 0.4945428 -1.0816497 1.3583793 -1.5272068
1.0600000 -0.9984949 -0.8819675 -0.7897423 0.1938027 -0.9008420 0.4632431 -1.0767468 1.5016155 -1.5926142
1.0800000 -0.9948349 -0.8996832 -0.7807970 0.1723922 -0.8694531 0.4308382 -1.0573432 1.6295059 -1.6376630
1.1000000 -0.9915992 -0.9167456 -0.7725087 0.1515090 -0.8356617 0.3977366 -1.0247651 1.7419712 -1.6625325
1.1200000 -0.9887746 -0.9331097 -0.7648875 0.1314016 -0.7997743 0.3643369 -0.9806559 1.8394645 -1.6679493
1.1400000 -0.9863431 -0.9487366 -0.7579353 0.1122827 -0.7620831 0.3310186 -0.9269034 1.9228326 -1.6551063
1.1600000 -0.9842832 -0.9635930 -0.7516467 0.0943254 -0.7228610 0.2981327 -0.8655430 1.9930002 -1.6255040
1.1800000 -0.9825701 -0.9776510 -0.7460100 0.0776610 -0.6823631 0.2659984 -0.7986569 2.0505859 -1.5807634
1.2000000 -0.9811768 -0.9908876 -0.7410068 0.0623792 -0.6408375 0.2349022 -0.7282914 2.0956574 -1.5225000
1.2200000 -0.9800750 -1.0032845 -0.7366139 0.0485294 -0.5985368 0.2050984 -0.6564032 2.1277238 -1.4522951
1.2400000 -0.9792356 -1.0148290 -0.7328029 0.0361230 -0.5557286 0.1768104 -0.5848209 2.1458924 -1.3717290
1.2600000 -0.9786300 -1.0255137 -0.7295415 0.0251365 -0.5127011 0.1502293 -0.5152074 2.1490845 -1.2824250
1.2800000 -0.9782302 -1.0353371 -0.7267937 0.0155147 -0.4697652 0.1255134 -0.4490185 2.1362580 -1.1860828
1.3000000 -0.9780094 -1.0443043 -0.7245209 0.0071758 -0.4272508 0.1027860 -0.3874579 2.1066205 -1.0844937
1.3200000 -0.9779431 -1.0524271 -0.7226823 0.0000164 -0.3855004 0.0821336 -0.3314335 2.0598045 -0.9795365
1.3400000 -0.9780088 -1.0597243 -0.7212356 -0.0060816 -0.3448586 0.0636045 -0.2815194 1.9959548 -0.8731469
1.3600000 -0.9781864 -1.0662214 -0.7201381 -0.0112444 -0.3056622 0.0472077 -0.2379303 1.9157024 -0.7672643
1.3800000 -0.9784586 -1.0719508 -0.7193473 -0.0155988 -0.2682305 0.0329139 -0.2005081 1.8200848 -0.6637656
1.4000000 -0.9788104 -1.0769507 -0.7188215 -0.0192647 -0.2328588 0.0206571 -0.1687229 1.7105108 -0.5644043
1.4200000 -0.9792291 -1.0812651 -0.7185210 -0.0223477 -0.1998101 0.0103377 -0.1416881 1.5887817 -0.4707594
1.4400000 -0.9797043 -1.0849431 -0.7184080 -0.0249322 -0.1693075 0.0018267 -0.1181921 1.4570971 -0.3841916
1.4600000 -0.9802264 -1.0880374 -0.7184479 -0.0270754 -0.1415262 -0.0050299 -0.0967455 1.3179933 -0.3058064
1.4800000 -0.9807873 -1.0906041 -0.7186092 -0.0288020 -0.1165878 -0.0104055 -0.0756411 1.1742267 -0.2364270
1.5000000 -0.9813785 -1.0927009 -0.7188641 -0.0301010 -0.0945572 -0.0144870 -0.0530231 1.0286431 -0.1765792
1.5200000 -0.9819913 -1.0943864 -0.7191887 -0.0309229 -0.0754421 -0.0174687 -0.0269661 0.8840725 -0.1264874
1.5400000 -0.9826154 -1.0957186 -0.7195629 -0.0311797 -0.0591943 -0.0195465 0.0044425 0.7432525 -0.0860793
1.5600000 -0.9832385 -1.0967542 -0.7199706 -0.0307452 -0.0457120 -0.0209119 0.0430204 0.6087524 -0.0550055
1.5800000 -0.9838452 -1.0975471 -0.7203994 -0.0294588 -0.0348442 -0.0217467 0.0904144 0.4828736 -0.0326721
1.6000000 -0.9844169 -1.0981479 -0.7208404 -0.0271287 -0.0263970 -0.0222188 0.1480287 0.3675449 -0.0182833
1.6200000 -0.9849304 -1.0986030 -0.7212881 -0.0235377 -0.0201424 -0.0224780 0.2169542 0.2642424 -0.0108857
1.6400000 -0.9853584 -1.0989536 -0.7217395 -0.0184505 -0.0158273 -0.0226542 0.2978950 0.1739643 -0.0094078
1.6600000 -0.9856684 -1.0992361 -0.7221943 -0.0116219 -0.0131838 -0.0228544 0.3910900 0.0972742 -0.0126883
1.6800000 -0.9858232 -1.0994810 -0.7226537 -0.0028069 -0.0119364 -0.0231617 0.4962393 0.0343790 -0.0195013
1.7000000 -0.9857807 -1.0997135 -0.7231207 0.0082277 -0.0118086 -0.0236344 0.6124507 -0.0148070 -0.0285861
1.7200000 -0.9854941 -1.0999533 -0.7235991 0.0216911 -0.0125286 -0.0243052 0.7382154 -0.0506443 -0.0386897
1.7400000 -0.9849130 -1.1002147 -0.7240929 0.0377563 -0.0138344 -0.0251820 0.8714142 -0.0737811 -0.0486164
1.7600000 -0.9839839 -1.1005067 -0.7246064 0.0565477 -0.0154799 -0.0262498 1.0093507 -0.0851695 -0.0572792
1.7800000 -0.9826511 -1.1008339 -0.7251429 0.0781303 -0.0172412 -0.0274732 1.1488067 -0.0860562 -0.0637435
1.8000000 -0.9808587 -1.1011964 -0.7257053 0.1025000 -0.0189221 -0.0287996 1.2861192 -0.0779364 -0.0672594
1.8200000 -0.9785511 -1.1015908 -0.7262949 0.1295751 -0.0203586 -0.0301635 1.4172893 -0.0624827 -0.0672869
1.8400000 -0.9756757 -1.1020107 -0.7269118 0.1591915 -0.0214214 -0.0314910 1.5381338 -0.0414751 -0.0635190
1.8600000 -0.9721835 -1.1024476 -0.7275546 0.1911005 -0.0220176 -0.0327043 1.6444798 -0.0167361 -0.0559022
1.8800000 -0.9680316 -1.1028914 -0.7282200 0.2249707 -0.0220909 -0.0337271 1.7323895 0.0099396 -0.0446464
1.9000000 -0.9631846 -1.1033313 -0.7289037 0.2603960 -0.0216201 -0.0344902 1.7983970 0.0368662 -0.0302169
1.9200000 -0.9576158 -1.1037562 -0.7295996 0.2969066 -0.0206162 -0.0349358 1.8397209 0.0625541 -0.0133016
1.9400000 -0.9513084 -1.1041559 -0.7303011 0.3339849 -0.0191179 -0.0350222 1.8544128 0.0857884 0.0052490
1.9600000 -0.9442564 -1.1045209 -0.7310005 0.3710831 -0.0171847 -0.0347258 1.8414220 0.1056843 0.0245029
1.9800000 -0.9364651 -1.1048433 -0.7316901 0.4076417 -0.0148905 -0.0340421 1.8006026 0.1217066 0.0435303
2.0000000 -0.9279507 -1.1051166 -0.7323622 0.4431072 -0.0123164 -0.0329846 1.7327064 0.1336527 0.0614726
2.0200000 -0.9187408 -1.1053359 -0.7330095 0.4769500 -0.0095444 -0.0315832 1.6393441 0.1416062 0.0775907
2.0400000 -0.9088727 -1.1054983 -0.7336255 0.5086810 -0.0066522 -0.0298810 1.5228687 0.1458719 0.0912984
2.0600000 -0.8983935 -1.1056020 -0.7342047 0.5378648 -0.0037095 -0.0279313 1.3862031 0.1469055 0.1021839
2.0800000 -0.8873581 -1.1056467 -0.7347428 0.5641291 -0.0007760 -0.0257936 1.2327045 0.1452480 0.1100157
2.1000000 -0.8758284 -1.1056331 -0.7352365 0.5871729 0.0021004 -0.0235306 1.0661169 0.1414719 0.1147317
2.1200000 -0.8638712 -1.1055627 -0.7356840 0.6067738 0.0048829 -0.0212044 0.8905543 0.1361393 0.1164179
2.1400000 -0.8515574 -1.1054378 -0.7360847 0.6227951 0.0075460 -0.0188739 0.7103950 0.1297695 0.1152821
2.1600000 -0.8389594 -1.1052609 -0.7364390 0.6351896 0.0100737 -0.0165931 0.5300163 0.1228147 0.1116275
2.1800000 -0.8261498 -1.1050348 -0.7367484 0.6439958 0.0124585 -0.0144088 0.3534371 0.1156434 0.1058260
2.2000000 -0.8131996 -1.1047625 -0.7370153 0.6493271 0.0146994 -0.0123600 0.1840184 0.1085337 0.0982929
2.2200000 -0.8001767 -1.1044468 -0.7372428 0.6513565 0.0167999 -0.0104771 0.0242980 0.1016728 0.0894616
2.2400000 -0.7871453 -1.1040905 -0.7374344 0.6502990 0.0187663 -0.0087816 -0.1240739 0.0951638 0.0797623
2.2600000 -0.7741648 -1.1036962 -0.7375941 0.6463935 0.0206064 -0.0072866 -0.2603336 0.0890346 0.0696035
2.2800000 -0.7612896 -1.1032663 -0.7377259 0.6398857 0.0223277 -0.0059974 -0.3844899 0.0832516 0.0593578
2.3000000 -0.7485694 -1.1028031 -0.7378339 0.6310139 0.0239365 -0.0049123 -0.4970565 0.0777368 0.0493504
2.3200000 -0.7360490 -1.1023088 -0.7379224 0.6200034 0.0254372 -0.0040234 -0.5987163 0.0723877 0.0398514
2.3400000 -0.7237692 -1.1017856 -0.7379949 0.6070653 0.0268320 -0.0033182 -0.6900899 0.0670931 0.0310720
2.3600000 -0.7117664 -1.1012355 -0.7380551 0.5923998 0.0281209 -0.0027805 -0.7716937 0.0617427 0.0231651
2.3800000 -0.7000732 -1.1006607 -0.7381061 0.5761975 0.0293017 -0.0023916 -0.8440326 0.0562308 0.0162294
2.4000000 -0.6887185 -1.1000635 -0.7381507 0.5586385 0.0303701 -0.0021314 -0.9077134 0.0504572 0.0103151
2.4200000 -0.6777277 -1.0994459 -0.7381914 0.5398890 0.0313200 -0.0019790 -0.9634661 0.0443311 0.0054311
2.4400000 -0.6671230 -1.0988107 -0.7382299 0.5200999 0.0321434 -0.0019141 -1.0120209 0.0377810 0.0015502
2.4600000 -0.6569237 -1.0981602 -0.7382679 0.4994082 0.0328312 -0.0019170 -1.0539237 0.0307668 -0.0013846
2.4800000 -0.6471466 -1.0974974 -0.7383066 0.4779429 0.0333741 -0.0019695 -1.0894469 0.0232852 -0.0034544
2.5000000 -0.6378060 -1.0968252 -0.7383467 0.4558303 0.0337627 -0.0020552 -1.1186665 0.0153647 -0.0047559
2.5200000 -0.6289134 -1.0961469 -0.7383888 0.4331962 0.0339887 -0.0021597 -1.1416253 0.0070544 -0.0053942
2.5400000 -0.6204781 -1.0954657 -0.7384331 0.4101653 0.0340448 -0.0022710 -1.1584410 -0.0015842 -0.0054763
2.5600000 -0.6125068 -1.0947851 -0.7384796 0.3868586 0.0339253 -0.0023788 -1.1692907 -0.0104761 -0.0051062
2.5800000 -0.6050038 -1.0941087 -0.7385282 0.3633937 0.0336258 -0.0024752 -1.1743284 -0.0195276 -0.0043831
2.6000000 -0.5979711 -1.0934401 -0.7385786 0.3398855 0.0331442 -0.0025541 -1.1736450 -0.0286252 -0.0033984
2.6200000 -0.5914084 -1.0927829 -0.7386304 0.3164479 0.0324808 -0.0026112 -1.1672822 -0.0376390 -0.0022349
2.6400000 -0.5853131 -1.0921408 -0.7386831 0.2931942 0.0316386 -0.0026435 -1.1552285 -0.0464228 -0.0009651
2.6600000 -0.5796806 -1.0915174 -0.7387362 0.2702387 0.0306239 -0.0026498 -1.1373909 -0.0548139 0.0003478
2.6800000 -0.5745036 -1.0909159 -0.7387891 0.2476985 0.0294461 -0.0026296 -1.1136171 -0.0626381 0.0016503
2.7000000 -0.5697727 -1.0903395 -0.7388413 0.2256940 0.0281183 -0.0025837 -1.0837949 -0.0697247 0.0028983
2.7200000 -0.5654758 -1.0897912 -0.7388924 0.2043467 0.0266571 -0.0025137 -1.0479580 -0.0759216 0.0040571
2.7400000 -0.5615988 -1.0892732 -0.7389419 0.1837757 0.0250815 -0.0024215 -1.0063274 -0.0811036 0.0051003
2.7600000 -0.5581248 -1.0887879 -0.7389893 0.1640937 0.0234129 -0.0023097 -0.9592943 -0.0851736 0.0060090
2.7800000 -0.5550350 -1.0883367 -0.7390343 0.1454039 0.0216745 -0.0021811 -0.9073924 -0.0880628 0.0067705
2.8000000 -0.5523087 -1.0879209 -0.7390765 0.1277980 0.0198904 -0.0020388 -0.8512780 -0.0897311 0.0073768
2.8200000 -0.5499231 -1.0875411 -0.7391158 0.1113528 0.0180853 -0.0018860 -0.7917157 -0.0901690 0.0078245
2.8400000 -0.5478545 -1.0871975 -0.7391520 0.0961293 0.0162837 -0.0017259 -0.7295729 -0.0894004 0.0081144
2.8600000 -0.5460780 -1.0868898 -0.7391849 0.0821699 0.0145093 -0.0015615 -0.6658135 -0.0874844 0.0082509
2.8800000 -0.5445677 -1.0866171 -0.7392144 0.0694968 0.0127843 -0.0013958 -0.6014738 -0.0845141 0.0082422
2.9000000 -0.5432981 -1.0863784 -0.7392407 0.0581109 0.0111287 -0.0012318 -0.5376148 -0.0806100 0.0080993
2.9200000 -0.5422433 -1.0861720 -0.7392637 0.0479922 0.0095599 -0.0010719 -0.4752626 -0.0759109 0.0078354
2.9400000 -0.5413784 -1.0859960 -0.7392836 0.0391004 0.0080923 -0.0009184 -0.2222937 -0.0366904 0.0038375
2.9600000 -0.5406793 -1.0858483 -0.7393004 0.0391004 0.0080923 -0.0009184 -0.2222937 -0.0366904 0.0038375
