0.0000000 -1.2030368 -0.3370616 -1.1696052 -0.0158429 0.0123940 0.0113635 -0.0098538 0.0551820 -0.0309382
0.0200000 -1.2033495 -0.3368372 -1.1693636 -0.0158429 0.0123940 0.0113635 -0.0098538 0.0551820 -0.0309382
0.0400000 -1.2036705 -0.3365658 -1.1691507 -0.0162370 0.0146013 0.0101260 -0.0190564 0.1007551 -0.0484448
0.0600000 -1.2039989 -0.3362532 -1.1689586 -0.0166052 0.0164242 0.0094257 -0.0188202 0.0767003 -0.0143279
0.0800000 -1.2043347 -0.3359088 -1.1687737 -0.0169899 0.0176693 0.0095529 -0.0207943 0.0424120 0.0349004
0.1000000 -1.2046785 -0.3355464 -1.1685764 -0.0174369 0.0181207 0.0108217 -0.0250337 -0.0031442 0.1001549
0.1200000 -1.2050322 -0.3351840 -1.1683408 -0.0179912 0.0175436 0.0135591 -0.0313828 -0.0607962 0.1817029
0.1400000 -1.2053982 -0.3348447 -1.1680341 -0.0186922 0.0156889 0.0180899 -0.0394769 -0.1311003 0.2790934
0.1600000 -1.2057799 -0.3345565 -1.1676172 -0.0195703 0.0122995 0.0247228 -0.0487744 -0.2143003 0.3911719
0.1800000 -1.2061810 -0.3343527 -1.1670452 -0.0206432 0.0071169 0.0337367 -0.0586074 -0.3103025 0.5161461
0.2000000 -1.2066056 -0.3342718 -1.1662677 -0.0219146 -0.0001126 0.0453686 -0.0682333 -0.4186560 0.6516621
0.2200000 -1.2070576 -0.3343572 -1.1652304 -0.0233725 -0.0096294 0.0598032 -0.0768834 -0.5385370 0.7948844
0.2400000 -1.2075405 -0.3346570 -1.1638756 -0.0249899 -0.0216540 0.0771640 -0.0838124 -0.6687444 0.9425908
0.2600000 -1.2080572 -0.3352233 -1.1621439 -0.0267250 -0.0363792 0.0975068 -0.0883469 -0.8077114 1.0912870
0.2800000 -1.2086095 -0.3361121 -1.1599753 -0.0285238 -0.0539625 0.1208155 -0.0899289 -0.9535317 1.2373324
0.3000000 -1.2091981 -0.3373818 -1.1573112 -0.0303222 -0.0745204 0.1470001 -0.0881491 -1.1039979 1.3770604
0.3200000 -1.2098224 -0.3390929 -1.1540953 -0.0320498 -0.0981224 0.1758979 -0.0827658 -1.2566492 1.5068874
0.3400000 -1.2104801 -0.3413067 -1.1502753 -0.0336328 -0.1247864 0.2072756 -0.0737118 -1.4088295 1.6234119
0.3600000 -1.2111677 -0.3440844 -1.1458043 -0.0349982 -0.1544756 0.2408344 -0.0610945 -1.5577614 1.7235167
0.3800000 -1.2118800 -0.3474858 -1.1406420 -0.0360766 -0.1870968 0.2762163 -0.0451931 -1.7006447 1.8044923
0.4000000 -1.2126108 -0.3515683 -1.1347557 -0.0368059 -0.2225014 0.3130141 -0.0264529 -1.8347697 1.8641705
0.4200000 -1.2133523 -0.3563858 -1.1281214 -0.0371347 -0.2604876 0.3507831 -0.0054703 -1.9576198 1.9010227
0.4400000 -1.2140962 -0.3619878 -1.1207243 -0.0370248 -0.3008062 0.3890550 0.0170371 -2.0669428 1.9141945
0.4600000 -1.2148333 -0.3684181 -1.1125592 -0.0364532 -0.3431653 0.4273509 0.0402693 -2.1607885 1.9034823
0.4800000 -1.2155543 -0.3757144 -1.1036303 -0.0354140 -0.3872377 0.4651943 0.0633855 -2.2375237 1.8692742
0.5000000 -1.2162498 -0.3839076 -1.0939514 -0.0339178 -0.4326663 0.5021219 0.0855446 -2.2958251 1.8124655
0.5200000 -1.2169110 -0.3930210 -1.0835454 -0.0319922 -0.4790707 0.5376929 0.1059418 -2.3346491 1.7343499
0.5400000 -1.2175295 -0.4030704 -1.0724437 -0.0296801 -0.5260523 0.5714959 0.1238418 -2.3531779 1.6364888
0.5600000 -1.2180982 -0.4140631 -1.0606856 -0.0270385 -0.5731978 0.6031525 0.1386059 -2.3507397 1.5205603
0.5800000 -1.2186111 -0.4259983 -1.0483176 -0.0241359 -0.6200818 0.6323183 0.1497128 -2.3267099 1.3881956
0.6000000 -1.2190636 -0.4388664 -1.0353929 -0.0210500 -0.6662662 0.6586803 0.1567717 -2.2804360 1.2408497
0.6200000 -1.2194531 -0.4526490 -1.0219704 -0.0178650 -0.7112993 0.6819523 0.1595261 -2.2112794 1.0797972
0.6400000 -1.2197782 -0.4673184 -1.0081148 -0.0146690 -0.7547174 0.7018722 0.1578473 -2.1188422 0.9063172
0.6600000 -1.2200398 -0.4828377 -0.9938955 -0.0115511 -0.7960530 0.7182050 0.1517234 -2.0032945 0.7219780
0.6800000 -1.2202403 -0.4991605 -0.9793866 -0.0086000 -0.8348492 0.7307513 0.1412469 -1.8656156 0.5288374
0.7000000 -1.2203838 -0.5162316 -0.9646655 -0.0059013 -0.8706776 0.7393585 0.1266051 -1.7076471 0.3294593
0.7200000 -1.2204763 -0.5339876 -0.9498122 -0.0035358 -0.9031551 0.7439297 0.1080704 -1.5319986 0.1267978
0.7400000 -1.2205253 -0.5523578 -0.9349083 -0.0015785 -0.9319575 0.7444304 0.0859896 -1.3418898 -0.0759646
0.7600000 -1.2205395 -0.5712659 -0.9200350 -0.0000963 -0.9568307 0.7408911 0.0607715 -1.1409681 -0.2755826
0.7800000 -1.2205291 -0.5906311 -0.9052726 0.0008524 -0.9775963 0.7334071 0.0328749 -0.9331111 -0.4689085
0.8000000 -1.2205054 -0.6103698 -0.8906987 0.0012187 -0.9941551 0.7221347 0.0027977 -0.7222141 -0.6530454
0.8200000 -1.2204804 -0.6303973 -0.8763872 0.0009643 -1.0064848 0.7072852 -0.0289316 -0.5119662 -0.8254918
0.8400000 -1.2204668 -0.6506291 -0.8624073 0.0000615 -1.0146337 0.6891151 -0.0617590 -0.3056166 -0.9842751
0.8600000 -1.2204779 -0.6709826 -0.8488226 -0.0015060 -1.0187095 0.6679142 -0.0951064 -0.1057422 -1.1280697
0.8800000 -1.2205270 -0.6913775 -0.8356908 -0.0037428 -1.0188634 0.6439923 -0.1283698 0.0859196 -1.2562609
0.9000000 -1.2206276 -0.7117371 -0.8230629 -0.0066408 -1.0152727 0.6176638 -0.1609156 0.2684414 -1.3688818
0.9200000 -1.2207927 -0.7319884 -0.8109842 -0.0101794 -1.0081258 0.5892370 -0.1920772 0.4413970 -1.4663802
0.9400000 -1.2210348 -0.7520622 -0.7994935 -0.0143239 -0.9976168 0.5590086 -0.2211520 0.6044154 -1.5493072
0.9600000 -1.2213656 -0.7718931 -0.7886239 -0.0190255 -0.9839492 0.5272647 -0.2473977 0.7568809 -1.6180985
0.9800000 -1.2217958 -0.7914201 -0.7784029 -0.0242198 -0.9673416 0.4942847 -0.2700261 0.8979167 -1.6730285
1.0000000 -1.2223344 -0.8105868 -0.7688525 -0.0298265 -0.9480325 0.4603436 -0.2881960 1.0265723 -1.7142814
1.0200000 -1.2229889 -0.8293414 -0.7599891 -0.0357477 -0.9262787 0.4257134 -0.3010058 1.1420778 -1.7420566
1.0400000 -1.2237643 -0.8476379 -0.7518239 -0.0418668 -0.9023494 0.3906613 -0.3074884 1.2440945 -1.7566677
1.0600000 -1.2246635 -0.8654354 -0.7443627 -0.0480472 -0.8765149 0.3554467 -0.3066107 1.3328973 -1.7586074
1.0800000 -1.2256862 -0.8826985 -0.7376061 -0.0541312 -0.8490335 0.3203170 -0.2972857 1.4093777 -1.7485407
1.1000000 -1.2268288 -0.8993968 -0.7315500 -0.0599386 -0.8201398 0.2855051 -0.2784005 1.4748031 -1.7272043
1.1200000 -1.2280838 -0.9155041 -0.7261859 -0.0652672 -0.7900414 0.2512288 -0.2488567 1.5304585 -1.6952693
1.1400000 -1.2294395 -0.9309984 -0.7215008 -0.0698929 -0.7589215 0.2176943 -0.2076119 1.5774127 -1.6532605
1.1600000 -1.2308795 -0.9458610 -0.7174781 -0.0735717 -0.7269449 0.1850984 -0.1537149 1.6165226 -1.6015717
1.1800000 -1.2323823 -0.9600762 -0.7140969 -0.0760415 -0.6942606 0.1536314 -0.0863380 1.6485893 -1.5405393
1.2000000 -1.2339211 -0.9736314 -0.7113328 -0.0770252 -0.6610013 0.1234769 -0.0048146 1.6745121 -1.4705176
1.2200000 -1.2354633 -0.9865163 -0.7091578 -0.0762341 -0.6272801 0.0948107 0.0913107 1.6953046 -1.3919209
1.2400000 -1.2369705 -0.9987226 -0.7075404 -0.0733728 -0.5931891 0.0678000 0.2022145 1.7119221 -1.3052263
1.2600000 -1.2383983 -1.0102438 -0.7064458 -0.0681455 -0.5588032 0.0426017 0.3277197 1.7249976 -1.2109606
1.2800000 -1.2396963 -1.0210747 -0.7058363 -0.0602640 -0.5241892 0.0193616 0.4672306 1.7346687 -1.1097064
1.3000000 -1.2408088 -1.0312114 -0.7056714 -0.0494563 -0.4894165 -0.0017866 0.6196862 1.7405773 -1.0021377
1.3200000 -1.2416746 -1.0406514 -0.7059078 -0.0354765 -0.4545661 -0.0207239 0.7835321 1.7419814 -0.8890669
1.3400000 -1.2422279 -1.0493940 -0.7065003 -0.0181150 -0.4197372 -0.0373493 0.9567045 1.7378887 -0.7714835
1.3600000 -1.2423992 -1.0574409 -0.7074018 0.0027916 -0.3850506 -0.0515833 1.1366284 1.7271741 -0.6505764
1.3800000 -1.2421162 -1.0647961 -0.7085637 0.0273501 -0.3506502 -0.0633723 1.3202307 1.7086735 -0.5277403
1.4000000 -1.2413052 -1.0714669 -0.7099367 0.0556009 -0.3167036 -0.0726929 1.5039731 1.6812583 -0.4045677
1.4200000 -1.2398922 -1.0774642 -0.7114714 0.0875091 -0.2833999 -0.0795550 1.6839076 1.6438921 -0.2828295
1.4400000 -1.2378048 -1.0828029 -0.7131189 0.1229572 -0.2509479 -0.0840060 1.8557540 1.5956836 -0.1644389
1.4600000 -1.2349739 -1.0875021 -0.7148316 0.1617392 -0.2195726 -0.0861326 2.0149928 1.5359592 -0.0513910
1.4800000 -1.2313352 -1.0915858 -0.7165642 0.2035569 -0.1895096 -0.0860617 2.1569659 1.4643663 0.0543280
1.5000000 -1.2268316 -1.0950825 -0.7182741 0.2480179 -0.1609979 -0.0839595 2.2769936 1.3809770 0.1508445
1.5200000 -1.2214145 -1.0980257 -0.7199226 0.2946366 -0.1342705 -0.0800279 2.3705137 1.2863455 0.2364893
1.5400000 -1.2150462 -1.1004533 -0.7214752 0.3428384 -0.1095441 -0.0744999 2.4332320 1.1815064 0.3098691
1.5600000 -1.2077010 -1.1024075 -0.7229026 0.3919659 -0.0870102 -0.0676331 2.4612651 1.0679408 0.3699266
1.5800000 -1.1993675 -1.1039337 -0.7241805 0.4412890 -0.0668265 -0.0597028 2.4512848 0.9475278 0.4159902
1.6000000 -1.1900494 -1.1050805 -0.7252907 0.4900173 -0.0491091 -0.0509935 2.4006904 0.8224758 0.4477997
1.6200000 -1.1797668 -1.1058981 -0.7262203 0.5373166 -0.0339274 -0.0417908 2.3077921 0.6952314 0.4655039
1.6400000 -1.1685568 -1.1064376 -0.7269623 0.5823290 -0.0212999 -0.0323734 2.1719606 0.5683726 0.4696392
1.6600000 -1.1564737 -1.1067501 -0.7275152 0.6241950 -0.0111925 -0.0230053 1.9937595 0.4444989 0.4610961
1.6800000 -1.1435890 -1.1068853 -0.7278825 0.6620794 -0.0035199 -0.0139295 1.7751348 0.3261241 0.4410759
1.7000000 -1.1299905 -1.1068909 -0.7280724 0.6952004 0.0018524 -0.0053622 1.5197045 0.2155783 0.4110381
1.7200000 -1.1157810 -1.1068112 -0.7280970 0.7228675 0.0051032 0.0025120 1.2331176 0.1149178 0.3726455
1.7400000 -1.1010758 -1.1066868 -0.7279719 0.7445251 0.0064492 0.0095436 0.9234064 0.0258443 0.3277116
1.7600000 -1.0859999 -1.1065533 -0.7277153 0.7598038 0.0061370 0.0156205 0.6011943 -0.0503696 0.2781465
1.7800000 -1.0706836 -1.1064413 -0.7273471 0.7685729 0.0044344 0.0206694 0.2794871 -0.1129393 0.2258939
1.8000000 -1.0552570 -1.1063759 -0.7268885 0.7709833 0.0016194 0.0246562 -0.0273359 -0.1615904 0.1728460
1.8200000 -1.0398443 -1.1063765 -0.7263608 0.7674795 -0.0020292 0.0275833 -0.3054031 -0.1965228 0.1207346
1.8400000 -1.0245578 -1.1064571 -0.7257851 0.7587672 -0.0062415 0.0294856 -0.5434335 -0.2183273 0.0710289
1.8600000 -1.0094936 -1.1066262 -0.7251814 0.7457421 -0.0107623 0.0304244 -0.7340341 -0.2278938 0.0248760
1.8800000 -0.9947282 -1.1068875 -0.7245682 0.7294058 -0.0153572 0.0304806 -0.8738413 -0.2263369 -0.0169032
1.9000000 -0.9803174 -1.1072404 -0.7239622 0.7107885 -0.0198158 0.0297483 -0.9629221 -0.2149435 -0.0537820
1.9200000 -0.9662966 -1.1076802 -0.7233782 0.6908889 -0.0239550 0.0283294 -1.0039833 -0.1951274 -0.0854845
1.9400000 -0.9526818 -1.1081986 -0.7228290 0.6706292 -0.0276209 0.0263289 -1.0016710 -0.1683853 -0.1119413
1.9600000 -0.9394715 -1.1087850 -0.7223251 0.6508221 -0.0306904 0.0238517 -0.9620064 -0.1362509 -0.1332483
1.9800000 -0.9266489 -1.1094263 -0.7218749 0.6321489 -0.0330709 0.0209990 -0.8919019 -0.1002525 -0.1496290
2.0000000 -0.9141855 -1.1101079 -0.7214851 0.6151460 -0.0347005 0.0178665 -0.7987208 -0.0618778 -0.1613992
2.0200000 -0.9020431 -1.1108143 -0.7211603 0.6002001 -0.0355461 0.0145430 -0.6898837 -0.0225441 -0.1689350
2.0400000 -0.8901775 -1.1115297 -0.7209034 0.5875506 -0.0356022 0.0111091 -0.5725200 0.0164252 -0.1726464
2.0600000 -0.8785411 -1.1122384 -0.7207159 0.5772993 -0.0348891 0.0076372 -0.4531836 0.0538213 -0.1729545
2.0800000 -0.8670855 -1.1129253 -0.7205979 0.5694233 -0.0334494 0.0041910 -0.3376867 0.0885711 -0.1702753
2.1000000 -0.8557641 -1.1135763 -0.7205483 0.5637918 -0.0313462 0.0008262 -0.2310132 0.1197594 -0.1650084
2.1200000 -0.8445339 -1.1141791 -0.7205649 0.5601828 -0.0286590 -0.0024094 -0.1372033 0.1466410 -0.1575297
2.1400000 -0.8333568 -1.1147227 -0.7206447 0.5583037 -0.0254806 -0.0054750 -0.0592086 0.1686450 -0.1481886
2.1600000 -0.8222017 -1.1151983 -0.7207839 0.5578144 -0.0219132 -0.0083369 0.0011474 0.1853759 -0.1373062
2.1800000 -0.8110443 -1.1155992 -0.7209781 0.5583496 -0.0180655 -0.0109673 0.0430270 0.1966183 -0.1251768
2.2000000 -0.7998677 -1.1159209 -0.7212226 0.5595355 -0.0140485 -0.0133440 0.0663119 0.2023390 -0.1120685
2.2200000 -0.7886628 -1.1161612 -0.7215119 0.5610020 -0.0099720 -0.0154500 0.0713339 0.2026814 -0.0982248
2.2400000 -0.7774276 -1.1163198 -0.7218406 0.5623889 -0.0059412 -0.0172730 0.0587232 0.1979512 -0.0838677
2.2600000 -0.7661673 -1.1163988 -0.7222028 0.5633510 -0.0020539 -0.0188047 0.0294318 0.1885974 -0.0692044
2.2800000 -0.7548936 -1.1164020 -0.7225927 0.5635661 0.0016027 -0.0200412 -0.0151546 0.1751884 -0.0544353
2.3000000 -0.7436246 -1.1163347 -0.7230045 0.5627448 0.0049536 -0.0209821 -0.0731935 0.1583847 -0.0397583
2.3200000 -0.7323838 -1.1162038 -0.7234320 0.5606384 0.0079380 -0.0216315 -0.1425328 0.1389086 -0.0253674
2.3400000 -0.7211991 -1.1160172 -0.7238697 0.5570435 0.0105100 -0.0219968 -0.2209405 0.1175113 -0.0114469
2.3600000 -0.7101021 -1.1157834 -0.7243119 0.5518008 0.0126385 -0.0220894 -0.3062558 0.0949432 0.0018320
2.3800000 -0.6991271 -1.1155117 -0.7247533 0.5447932 0.0143077 -0.0219236 -0.3963739 0.0719312 0.0143108
2.4000000 -0.6883103 -1.1152111 -0.7251889 0.5359458 0.0155158 -0.0215169 -0.4891465 0.0491609 0.0258397
2.4200000 -0.6776892 -1.1148910 -0.7256140 0.5252274 0.0162741 -0.0208900 -0.5823697 0.0272584 0.0362796
2.4400000 -0.6673013 -1.1145602 -0.7260244 0.5126510 0.0166061 -0.0200658 -0.6739100 0.0067710 0.0455086
2.4600000 -0.6571832 -1.1142268 -0.7264166 0.4982710 0.0165450 -0.0190696 -0.7618415 -0.0118491 0.0534307
2.4800000 -0.6473704 -1.1138984 -0.7267872 0.4821774 0.0161321 -0.0179285 -0.8444665 -0.0282524 0.0599778
2.5000000 -0.6378961 -1.1135815 -0.7271337 0.4644923 0.0154149 -0.0166705 -0.9202620 -0.0421923 0.0651098
2.5200000 -0.6287907 -1.1132818 -0.7274541 0.4453669 0.0144444 -0.0153241 -0.9878795 -0.0535229 0.0688142
2.5400000 -0.6200814 -1.1130037 -0.7277467 0.4249771 0.0132740 -0.0139179 -1.0462094 -0.0621953 0.0711093
2.5600000 -0.6117916 -1.1127508 -0.7280108 0.4035185 0.0119566 -0.0124798 -1.0944148 -0.0682512 0.0720441
2.5800000 -0.6039407 -1.1125255 -0.7282459 0.3812005 0.0105439 -0.0110362 -1.1319037 -0.0718112 0.0716960
2.6000000 -0.5965436 -1.1123291 -0.7284522 0.3582424 0.0090842 -0.0096119 -1.1582956 -0.0730617 0.0701668
2.6200000 -0.5896110 -1.1121621 -0.7286304 0.3348687 0.0076214 -0.0082295 -1.1734056 -0.0722411 0.0675787
2.6400000 -0.5831489 -1.1120242 -0.7287814 0.3113061 0.0061945 -0.0069088 -1.1772470 -0.0696254 0.0640704
2.6600000 -0.5771587 -1.1119143 -0.7289067 0.2877788 0.0048364 -0.0056667 -1.1700568 -0.0655143 0.0597929
2.6800000 -0.5716377 -1.1118307 -0.7290081 0.2645039 0.0035740 -0.0045171 -1.1523216 -0.0602184 0.0549048
2.7000000 -0.5665786 -1.1117714 -0.7290874 0.2416860 0.0024277 -0.0034705 -1.1247635 -0.0540466 0.0495680
2.7200000 -0.5619703 -1.1117336 -0.7291469 0.2195133 0.0014121 -0.0025343 -1.0882929 -0.0472966 0.0439423
2.7400000 -0.5577981 -1.1117149 -0.7291888 0.1981543 0.0005358 -0.0017128 -1.0439647 -0.0402453 0.0381809
2.7600000 -0.5540441 -1.1117122 -0.7292154 0.1777547 -0.0001977 -0.0010071 -0.9929586 -0.0331428 0.0324265
2.7800000 -0.5506879 -1.1117228 -0.7292291 0.1584359 -0.0007899 -0.0004157 -0.9365687 -0.0262073 0.0268081
2.8000000 -0.5477067 -1.1117438 -0.7292320 0.1402920 -0.0012460 0.0000652 -0.8761742 -0.0196219 0.0214387
2.8200000 -0.5450762 -1.1117726 -0.7292265 0.1233890 -0.0015748 0.0004418 -0.8131863 -0.0135343 0.0164138
2.8400000 -0.5427711 -1.1118068 -0.7292144 0.1077645 -0.0017874 0.0007218 -0.7490014 -0.0080563 0.0118106
2.8600000 -0.5407656 -1.1118441 -0.7291976 0.0934289 -0.0018970 0.0009142 -0.6849638 -0.0032660 0.0076876
2.8800000 -0.5390339 -1.1118827 -0.7291778 0.0803660 -0.0019180 0.0010293 -0.6222952 0.0007901 0.0040853
2.9000000 -0.5375510 -1.1119208 -0.7291564 0.0685371 -0.0018654 0.0010776 -0.5619814 0.0040935 0.0010274
2.9200000 -0.5362925 -1.1119573 -0.7291347 0.0578867 -0.0017543 0.0010704 -0.5046852 0.0066502 -0.0014772
2.9400000 -0.5352355 -1.1119910 -0.7291136 0.0483497 -0.0015994 0.0010186 -0.2384262 0.0038720 -0.0012955
2.9600000 -0.5343585 -1.1120213 -0.7290939 0.0483497 -0.0015994 0.0010186 -0.2384262 0.0038720 -0.0012955
