0.0000000 -1.2053605 -0.3389392 -1.1616029 -0.0025620 0.0045419 0.0047505 0.0109715 0.0304260 0.0355618
0.0200000 -1.2054117 -0.3388629 -1.1615171 -0.0025620 0.0045419 0.0047505 0.0109715 0.0304260 0.0355618
0.0400000 -1.2054630 -0.3387576 -1.1614128 -0.0021232 0.0057590 0.0061730 0.0474855 0.0469196 0.0990760
0.0600000 -1.2054966 -0.3386325 -1.1612702 -0.0006626 0.0064187 0.0087135 0.1047633 0.0138103 0.1611565
0.0800000 -1.2054895 -0.3385008 -1.1610643 0.0020674 0.0063114 0.0126192 0.1743882 -0.0301208 0.2354034
0.1000000 -1.2054139 -0.3383800 -1.1607654 0.0063129 0.0052139 0.0181297 0.2559023 -0.0853163 0.3210003
0.1200000 -1.2052370 -0.3382923 -1.1603391 0.0123035 0.0028987 0.0254592 0.3481399 -0.1517978 0.4163151
0.1400000 -1.2049218 -0.3382641 -1.1597470 0.0202385 -0.0008580 0.0347823 0.4493701 -0.2292374 0.5191058
0.1600000 -1.2044275 -0.3383266 -1.1589478 0.0302783 -0.0062708 0.0462235 0.5574885 -0.3170572 0.6267885
0.1800000 -1.2037106 -0.3385149 -1.1578981 0.0425380 -0.0135403 0.0598538 0.6701883 -0.4145131 0.7366771
0.2000000 -1.2027259 -0.3388682 -1.1565537 0.0570858 -0.0228513 0.0756905 0.7850697 -0.5207358 0.8461413
0.2200000 -1.2014272 -0.3394290 -1.1548705 0.0739408 -0.0343697 0.0936995 0.8996790 -0.6347267 0.9526700
0.2400000 -1.1997683 -0.3402430 -1.1528057 0.0930730 -0.0482404 0.1137973 1.0114952 -0.7553199 1.0538614
0.2600000 -1.1977043 -0.3413586 -1.1503186 0.1144006 -0.0645825 0.1358539 1.1179144 -0.8811431 1.1474025
0.2800000 -1.1951923 -0.3428263 -1.1473715 0.1377895 -0.0834861 0.1596934 1.2162906 -1.0106185 1.2311131
0.3000000 -1.1921927 -0.3446980 -1.1439309 0.1630523 -0.1050073 0.1850984 1.3040373 -1.1420052 1.3030563
0.3200000 -1.1886702 -0.3470266 -1.1399676 0.1899510 -0.1291663 0.2118157 1.3787348 -1.2734514 1.3616474
0.3400000 -1.1845947 -0.3498647 -1.1354582 0.2182017 -0.1559453 0.2395643 1.4382026 -1.4030297 1.4057071
0.3600000 -1.1799421 -0.3532644 -1.1303850 0.2474791 -0.1852875 0.2680440 1.4805351 -1.5287566 1.4344570
0.3800000 -1.1746955 -0.3572762 -1.1247365 0.2774231 -0.2170956 0.2969426 1.5041297 -1.6486155 1.4474964
0.4000000 -1.1688452 -0.3619482 -1.1185073 0.3076443 -0.2512321 0.3259438 1.5077424 -1.7606094 1.4448038
0.4200000 -1.1623897 -0.3673255 -1.1116987 0.3377328 -0.2875200 0.3547348 1.4905676 -1.8628391 1.4267621
0.4400000 -1.1553359 -0.3734490 -1.1043179 0.3672670 -0.3257457 0.3830143 1.4522928 -1.9535704 1.3941530
0.4600000 -1.1476990 -0.3803553 -1.0963781 0.3958245 -0.3656628 0.4105009 1.3930975 -2.0312641 1.3480870
0.4800000 -1.1395029 -0.3880755 -1.0878979 0.4229909 -0.4069962 0.4369378 1.3136164 -2.0945834 1.2898973
0.5000000 -1.1307794 -0.3966351 -1.0789006 0.4483691 -0.4494461 0.4620968 1.2148989 -2.1424011 1.2210387
0.5200000 -1.1215682 -0.4060534 -1.0694140 0.4715869 -0.4926923 0.4857794 1.0983804 -2.1738182 1.1430107
0.5400000 -1.1119159 -0.4163428 -1.0594695 0.4923043 -0.5363989 0.5078172 0.9658672 -2.1881952 1.0573096
0.5600000 -1.1018760 -0.4275093 -1.0491013 0.5102216 -0.5802201 0.5280717 0.8195319 -2.1851963 0.9654067
0.5800000 -1.0915071 -0.4395516 -1.0383466 0.5250856 -0.6238067 0.5464335 0.6619195 -2.1648462 0.8687533
0.6000000 -1.0808726 -0.4524616 -1.0272440 0.5366983 -0.6668139 0.5628219 0.4959568 -2.1275951 0.7688062
0.6200000 -1.0700391 -0.4662242 -1.0158337 0.5449239 -0.7089105 0.5771857 0.3249369 -2.0743526 0.6670455
0.6400000 -1.0590756 -0.4808180 -1.0041566 0.5496958 -0.7497880 0.5895037 0.1524140 -2.0064104 0.5649188
0.6600000 -1.0480513 -0.4962157 -0.9922536 0.5510205 -0.7891669 0.5997825 -0.0180285 -1.9251973 0.4636740
0.6800000 -1.0370348 -0.5123847 -0.9801653 0.5489747 -0.8267959 0.6080506 -0.1830718 -1.8319486 0.3641430
0.7000000 -1.0260923 -0.5292876 -0.9679315 0.5436976 -0.8624449 0.6143482 -0.3398827 -1.7274642 0.2666079
0.7200000 -1.0152869 -0.5468825 -0.9555913 0.5353794 -0.8958945 0.6187150 -0.4861952 -1.6120471 0.1708145
0.7400000 -1.0046771 -0.5651233 -0.9431829 0.5242498 -0.9269268 0.6211808 -0.6202898 -1.4855816 0.0760921
0.7600000 -0.9943169 -0.5839596 -0.9307441 0.5105678 -0.9553178 0.6217586 -0.7409333 -1.3476742 -0.0184847
0.7800000 -0.9842544 -0.6033360 -0.9183126 0.4946124 -0.9808337 0.6204414 -0.8473077 -1.1978217 -0.1139237
0.8000000 -0.9745324 -0.6231929 -0.9059265 0.4766755 -1.0032306 0.6172017 -0.9389345 -1.0355964 -0.2111420
0.8200000 -0.9651874 -0.6434653 -0.8936245 0.4570551 -1.0222576 0.6119957 -1.0155945 -0.8608482 -0.3107942
0.8400000 -0.9562502 -0.6640832 -0.8814466 0.4360517 -1.0376646 0.6047699 -1.0772466 -0.6739120 -0.4131117
0.8600000 -0.9477453 -0.6849719 -0.8694337 0.4139652 -1.0492141 0.5954712 -1.1239667 -0.4757641 -0.5177856
0.8800000 -0.9396916 -0.7060518 -0.8576278 0.3910930 -1.0566951 0.5840585 -1.1559434 -0.2680142 -0.6239574
0.9000000 -0.9321016 -0.7272397 -0.8460714 0.3677275 -1.0599346 0.5705129 -1.1735555 -0.0526594 -0.7303597
0.9200000 -0.9249825 -0.7484492 -0.8348073 0.3441508 -1.0588015 0.5548441 -1.1774819 0.1682854 -0.8355406
0.9400000 -0.9183356 -0.7695917 -0.8238776 0.3206282 -1.0532032 0.5370913 -1.1687600 0.3930444 -0.9380366
0.9600000 -0.9121574 -0.7905773 -0.8133236 0.2974004 -1.0430797 0.5173227 -1.1487530 0.6201072 -1.0364303
0.9800000 -0.9064396 -0.8113149 -0.8031847 0.2746781 -1.0283989 0.4956341 -1.1190592 0.8480941 -1.1293288
1.0000000 -0.9011702 -0.8317132 -0.7934982 0.2526380 -1.0091560 0.4721495 -1.0814070 1.0755725 -1.2153288
1.0200000 -0.8963341 -0.8516811 -0.7842987 0.2314218 -0.9853760 0.4470210 -1.0375585 1.3008803 -1.2929935
1.0400000 -0.8919134 -0.8711283 -0.7756174 0.2111357 -0.9571207 0.4204298 -0.9892242 1.5219652 -1.3608458
1.0600000 -0.8878886 -0.8899660 -0.7674815 0.1918528 -0.9244974 0.3925871 -0.9379901 1.7362448 -1.4173760
1.0800000 -0.8842392 -0.9081082 -0.7599139 0.1736161 -0.8876709 0.3637347 -0.8852583 1.9404970 -1.4610625
1.1000000 -0.8809440 -0.9254728 -0.7529322 0.1564425 -0.8468775 0.3341446 -0.8322074 2.1308246 -1.4904196
1.1200000 -0.8779815 -0.9419833 -0.7465481 0.1403278 -0.8024380 0.3041179 -0.7797856 2.3027862 -1.5041017
1.1400000 -0.8753309 -0.9575703 -0.7407674 0.1252511 -0.7547661 0.2739806 -0.7287431 2.4517470 -1.5010747
1.1600000 -0.8729715 -0.9721739 -0.7355889 0.1111781 -0.7043681 0.2440749 -0.6796842 2.5733410 -1.4808076
1.1800000 -0.8708838 -0.9857451 -0.7310044 0.0980637 -0.6518324 0.2147483 -0.6331029 2.6638442 -1.4433980
1.2000000 -0.8690490 -0.9982472 -0.7269990 0.0858539 -0.5978143 0.1863390 -0.5893894 2.7203622 -1.3895977
1.2200000 -0.8674496 -1.0096576 -0.7235509 0.0744881 -0.5430180 0.1591644 -0.5488166 2.7408979 -1.3207645
1.2400000 -0.8660694 -1.0199679 -0.7206324 0.0639013 -0.4881784 0.1335085 -0.5115259 2.7243935 -1.2387803
1.2600000 -0.8648935 -1.0291848 -0.7182105 0.0540271 -0.4340422 0.1096131 -0.4775192 2.6707929 -1.1459535
1.2800000 -0.8639083 -1.0373296 -0.7162479 0.0448005 -0.3813467 0.0876703 -0.4466597 2.5811248 -1.0449072
1.3000000 -0.8631015 -1.0444386 -0.7147037 0.0361607 -0.3307972 0.0678169 -0.4186796 2.4575809 -0.9384570
1.3200000 -0.8624619 -1.0505615 -0.7135352 0.0280533 -0.2830434 0.0501320 -0.3931886 2.3035268 -0.8294799
1.3400000 -0.8619794 -1.0557604 -0.7126984 0.0204332 -0.2386562 0.0346377 -0.3696715 2.1233765 -0.7207844
1.3600000 -0.8616446 -1.0601078 -0.7121497 0.0132665 -0.1981084 0.0213007 -0.3474788 1.9223472 -0.6149905
1.3800000 -0.8614487 -1.0636847 -0.7118464 0.0065340 -0.1617623 0.0100380 -0.3258195 1.7061866 -0.5144311
1.4000000 -0.8613832 -1.0665783 -0.7117482 0.0002337 -0.1298609 0.0007234 -0.3037643 1.4809349 -0.4210792
1.4200000 -0.8614394 -1.0688791 -0.7118175 -0.0056166 -0.1025249 -0.0068051 -0.2802521 1.2526978 -0.3365038
1.4400000 -0.8616079 -1.0706793 -0.7120204 -0.0109764 -0.0797530 -0.0127367 -0.2540972 1.0273991 -0.2618523
1.4600000 -0.8618784 -1.0720693 -0.7123270 -0.0157805 -0.0614289 -0.0172792 -0.2239984 0.8105341 -0.1978530
1.4800000 -0.8622391 -1.0731364 -0.7127116 -0.0199363 -0.0473316 -0.0206509 -0.1885579 0.6069578 -0.1448358
1.5000000 -0.8626759 -1.0739625 -0.7131530 -0.0233228 -0.0371506 -0.0230727 -0.1463111 0.4207187 -0.1027632
1.5200000 -0.8631720 -1.0746224 -0.7136345 -0.0257888 -0.0305029 -0.0247614 -0.0957708 0.2549517 -0.0712700
1.5400000 -0.8637074 -1.0751826 -0.7141434 -0.0271536 -0.0269525 -0.0259235 -0.0354913 0.1118575 -0.0497045
1.5600000 -0.8642582 -1.0757005 -0.7146714 -0.0272084 -0.0260286 -0.0267496 0.0358452 -0.0072153 -0.0371672
1.5800000 -0.8647958 -1.0762238 -0.7152134 -0.0257198 -0.0272411 -0.0274101 0.1193302 -0.1016343 -0.0325492
1.6000000 -0.8652870 -1.0767902 -0.7157678 -0.0224352 -0.0300940 -0.0280515 0.2157364 -0.1713809 -0.0345774
1.6200000 -0.8656932 -1.0774275 -0.7163355 -0.0170903 -0.0340964 -0.0287932 0.3254390 -0.2170109 -0.0418649
1.6400000 -0.8659706 -1.0781540 -0.7169195 -0.0094177 -0.0387744 -0.0297261 0.4483417 -0.2396273 -0.0529612
1.6600000 -0.8660699 -1.0789785 -0.7175245 0.0008433 -0.0436815 -0.0309117 0.5837984 -0.2408082 -0.0663944
1.6800000 -0.8659368 -1.0799013 -0.7181560 0.0139343 -0.0484067 -0.0323819 0.7305424 -0.2225097 -0.0807089
1.7000000 -0.8655125 -1.0809148 -0.7188198 0.0300650 -0.0525819 -0.0341400 0.8866388 -0.1869981 -0.0945085
1.7200000 -0.8647342 -1.0820046 -0.7195216 0.0493998 -0.0558867 -0.0361622 1.0494681 -0.1368216 -0.1065030
1.7400000 -0.8635365 -1.0831503 -0.7202663 0.0720437 -0.0580547 -0.0384002 1.2157350 -0.0747787 -0.1155515
1.7600000 -0.8618525 -1.0843268 -0.7210576 0.0980292 -0.0588778 -0.0407843 1.3815051 -0.0038686 -0.1207014
1.7800000 -0.8596154 -1.0855054 -0.7218977 0.1273039 -0.0582095 -0.0432282 1.5422834 0.0727569 -0.1212266
1.8000000 -0.8567603 -1.0866551 -0.7227867 0.1597206 -0.0559675 -0.0456334 1.6931363 0.1518420 -0.1166635
1.8200000 -0.8532265 -1.0877441 -0.7237230 0.1950294 -0.0521358 -0.0478948 1.8288502 0.2300954 -0.1068358
1.8400000 -0.8489592 -1.0887406 -0.7247025 0.2328746 -0.0467637 -0.0499068 1.9441250 0.3042901 -0.0918635
1.8600000 -0.8439116 -1.0896146 -0.7257193 0.2727944 -0.0399642 -0.0515693 2.0338075 0.3713798 -0.0721583
1.8800000 -0.8380474 -1.0903391 -0.7267653 0.3142269 -0.0319085 -0.0527931 2.0931690 0.4286117 -0.0484120
1.9000000 -0.8313425 -1.0908910 -0.7278310 0.3565212 -0.0228197 -0.0535058 2.1181957 0.4736328 -0.0215667
1.9200000 -0.8237865 -1.0912519 -0.7289055 0.3989547 -0.0129632 -0.0536558 2.1058443 0.5045995 0.0072446
1.9400000 -0.8153843 -1.0914095 -0.7299772 0.4407549 -0.0026357 -0.0532160 2.0542440 0.5202815 0.0367862
1.9600000 -0.8061563 -1.0913573 -0.7310342 0.4811245 0.0078481 -0.0521844 1.9628523 0.5201342 0.0658129
1.9800000 -0.7961393 -1.0910956 -0.7320646 0.5192690 0.0181696 -0.0505835 1.8325507 0.5043178 0.0931534
2.0000000 -0.7853856 -1.0906306 -0.7330575 0.5544265 0.0280208 -0.0484582 1.6656532 0.4736668 0.1177808
2.0200000 -0.7739623 -1.0899747 -0.7340029 0.5858951 0.0371163 -0.0458722 1.4658200 0.4296187 0.1388671
2.0400000 -0.7619498 -1.0891459 -0.7348924 0.6130593 0.0452055 -0.0429035 1.2378888 0.3741127 0.1558159
2.0600000 -0.7494399 -1.0881665 -0.7357191 0.6354107 0.0520808 -0.0396396 0.9876335 0.3094659 0.1682735
2.0800000 -0.7365333 -1.0870627 -0.7364780 0.6525646 0.0575841 -0.0361726 0.7214612 0.2382387 0.1761216
2.1000000 -0.7233373 -1.0858632 -0.7371660 0.6642691 0.0616104 -0.0325947 0.4460804 0.1630988 0.1794553
2.1200000 -0.7099626 -1.0845983 -0.7377818 0.6704078 0.0641081 -0.0289944 0.1681919 0.0866968 0.1785507
2.1400000 -0.6965210 -1.0832988 -0.7383258 0.6709968 0.0650782 -0.0254527 -0.1057824 0.0115592 0.1738272
2.1600000 -0.6831227 -1.0819951 -0.7387999 0.6661766 0.0645705 -0.0220413 -0.3699625 -0.0600047 0.1658078
2.1800000 -0.6698739 -1.0807160 -0.7392074 0.6561983 0.0626781 -0.0188204 -0.6192572 -0.1259795 0.1550828
2.2000000 -0.6568748 -1.0794880 -0.7395527 0.6414063 0.0595313 -0.0158380 -0.8495106 -0.1846971 0.1422752
2.2200000 -0.6442177 -1.0783348 -0.7398409 0.6222179 0.0552902 -0.0131294 -1.0575077 -0.2348594 0.1280105
2.2400000 -0.6319861 -1.0772764 -0.7400779 0.5991060 0.0501369 -0.0107176 -1.2408853 -0.2755415 0.1128911
2.2600000 -0.6202534 -1.0763293 -0.7402696 0.5725825 0.0442685 -0.0086137 -1.3980205 -0.3061822 0.0974756
2.2800000 -0.6090828 -1.0755057 -0.7404224 0.5431851 0.0378896 -0.0068185 -1.5279306 -0.3265674 0.0822631
2.3000000 -0.5985260 -1.0748137 -0.7405424 0.5114653 0.0312058 -0.0053232 -1.6301904 -0.3368092 0.0676831
2.3200000 -0.5886241 -1.0742574 -0.7406353 0.4779775 0.0244173 -0.0041112 -1.7048669 -0.3373178 0.0540886
2.3400000 -0.5794069 -1.0738370 -0.7407068 0.4432706 0.0177131 -0.0031597 -1.7524710 -0.3287702 0.0417536
2.3600000 -0.5708933 -1.0735489 -0.7407617 0.4078787 0.0112665 -0.0024411 -1.7739252 -0.3120730 0.0308733
2.3800000 -0.5630918 -1.0733863 -0.7408045 0.3723136 0.0052302 -0.0019247 -1.7705455 -0.2883208 0.0215670
2.4000000 -0.5560008 -1.0733397 -0.7408387 0.3370569 -0.0002664 -0.0015784 -1.7440354 -0.2587506 0.0138838
2.4200000 -0.5496095 -1.0733970 -0.7408676 0.3025522 -0.0051198 -0.0013694 -1.6964873 -0.2246916 0.0078100
2.4400000 -0.5438987 -1.0735445 -0.7408935 0.2691974 -0.0092540 -0.0012660 -1.6303747 -0.1875146 0.0032779
2.4600000 -0.5388416 -1.0737672 -0.7409182 0.2373372 -0.0126204 -0.0012383 -1.5485051 -0.1485843 0.0001753
2.4800000 -0.5344052 -1.0740493 -0.7409430 0.2072572 -0.0151974 -0.0012590 -1.4539149 -0.1092202 -0.0016459
2.5000000 -0.5305513 -1.0743751 -0.7409686 0.1791806 -0.0169892 -0.0013041 -1.3497362 -0.0706641 -0.0023614
2.5200000 -0.5272380 -1.0747289 -0.7409952 0.1532677 -0.0180240 -0.0013534 -1.2390764 -0.0340509 -0.0021655
2.5400000 -0.5244206 -1.0750960 -0.7410227 0.1296175 -0.0183513 -0.0013907 -1.1249205 -0.0003842 -0.0012630
2.5600000 -0.5220533 -1.0754629 -0.7410508 0.1082709 -0.0180393 -0.0014040 -1.0100294 0.0294794 0.0001386
2.5800000 -0.5200898 -1.0758176 -0.7410789 0.0892163 -0.0171721 -0.0013852 -0.4763639 0.0216814 0.0004691
2.6000000 -0.5184846 -1.0761498 -0.7411062 0.0892163 -0.0171721 -0.0013852 -0.4763639 0.0216814 0.0004691
