0.0000000 0.0000229 -0.4198124 0.0004791 -0.0431954 -0.0422111 -0.0317275 0.1378994 -1.1116257 -1.0571286
0.0023636 -0.0000801 -0.4199060 0.0004069 -0.0431954 -0.0422111 -0.0317275 0.1378994 -1.1116257 -1.0571286
0.0047273 -0.0001813 -0.4200119 0.0003291 -0.0425435 -0.0474660 -0.0367248 0.2019256 -2.2272758 -3.3076196
0.0070909 -0.0002813 -0.4201304 0.0002333 -0.0422408 -0.0527400 -0.0473635 0.0202378 -2.1650939 -5.8469545
0.0094545 -0.0003810 -0.4202612 0.0001052 -0.0424478 -0.0577010 -0.0643649 -0.2308563 -1.9439038 -8.6671534
0.0118182 -0.0004819 -0.4204032 -0.0000710 -0.0433322 -0.0619294 -0.0883355 -0.5542967 -1.5268454 -11.7148594
0.0141818 -0.0005858 -0.4205540 -0.0003124 -0.0450682 -0.0649188 -0.1197443 -0.9528406 -0.8782422 -14.9278645
0.0165455 -0.0006950 -0.4207101 -0.0006370 -0.0478365 -0.0660811 -0.1589036 -1.4290580 0.0349076 -18.2360157
0.0189091 -0.0008120 -0.4208664 -0.0010636 -0.0518237 -0.0647538 -0.2059509 -1.9851510 1.2413085 -21.5621443
0.0212727 -0.0009400 -0.4210162 -0.0016106 -0.0572209 -0.0602131 -0.2608337 -2.6225882 2.7637149 -24.8230463
0.0236364 -0.0010825 -0.4211510 -0.0022966 -0.0642214 -0.0516890 -0.3232962 -3.3416470 4.6174886 -27.9306964
0.0260000 -0.0012435 -0.4212605 -0.0031389 -0.0730177 -0.0383849 -0.3928697 -4.1409822 6.8095066 -30.7940088
0.0283636 -0.0014276 -0.4213325 -0.0041538 -0.0837969 -0.0194986 -0.4688679 -5.0172944 9.3373053 -33.3214408
0.0307273 -0.0016397 -0.4213527 -0.0053554 -0.0967358 0.0057550 -0.5503893 -5.9650750 12.1882314 -35.4244603
0.0330909 -0.0018849 -0.4213053 -0.0067556 -0.1119955 0.0381185 -0.6363290 -6.9763166 15.3385286 -37.0215869
0.0354545 -0.0021691 -0.4211725 -0.0083635 -0.1297148 0.0782645 -0.7254004 -8.0400908 18.7525594 -38.0426739
0.0378182 -0.0024981 -0.4209353 -0.0101848 -0.1500032 0.1267670 -0.8161671 -9.1420551 22.3825331 -38.4331757
0.0401818 -0.0028782 -0.4205732 -0.0122218 -0.1729318 0.1840728 -0.9070845 -10.2640949 26.1690977 -38.1580178
0.0425455 -0.0033156 -0.4200651 -0.0144728 -0.1985244 0.2504754 -0.9965504 -11.3843154 30.0429843 -37.2043986
0.0449091 -0.0038167 -0.4193892 -0.0169327 -0.2267486 0.3260942 -1.0829598 -12.4775145 33.9276361 -35.5827881
0.0472727 -0.0043875 -0.4185236 -0.0195923 -0.2575090 0.4108606 -1.1647600 -13.5161545 37.7425137 -33.3258865
0.0496364 -0.0050340 -0.4174469 -0.0224389 -0.2906431 0.5045133 -1.2405004 -14.4717817 41.4067017 -30.4860484
0.0520000 -0.0057615 -0.4161386 -0.0254565 -0.3259210 0.6066014 -1.3088758 -15.3167836 44.8425371 -27.1318872
0.0543636 -0.0065747 -0.4145794 -0.0286263 -0.3630497 0.7164962 -1.3687602 -16.0262544 47.9789582 -23.3443405
0.0567273 -0.0074777 -0.4127515 -0.0319270 -0.4016815 0.8334110 -1.4192309 -16.5796315 50.7541150 -19.2121478
0.0590909 -0.0084736 -0.4106396 -0.0353354 -0.4414262 0.9564248 -1.4595813 -16.9618363 53.1169204 -14.8270167
0.0614545 -0.0095645 -0.4082303 -0.0388268 -0.4818647 1.0845092 -1.4893223 -17.1638627 55.0277088 -10.2793769
0.0638182 -0.0107515 -0.4055128 -0.0423758 -0.5225644 1.2165558 -1.5081747 -17.1828593 56.4583840 -5.6556235
0.0661818 -0.0120348 -0.4024793 -0.0459564 -0.5630928 1.3514034 -1.5160579 -17.0216909 57.3921440 -1.0368824
0.0685455 -0.0134134 -0.3991244 -0.0495426 -0.6030306 1.4878641 -1.5130763 -16.6879641 57.8226351 3.5015438
0.0709091 -0.0148855 -0.3954457 -0.0531091 -0.6419814 1.6247467 -1.4995052 -16.1926333 57.7526426 7.8908642
0.0732727 -0.0164482 -0.3914438 -0.0566312 -0.6795776 1.7608766 -1.4757741 -15.5484146 57.1927452 12.0697357
0.0756364 -0.0180980 -0.3871216 -0.0600855 -0.7154829 1.8951124 -1.4424482 -14.7681623 56.1600714 15.9850422
0.0780000 -0.0198305 -0.3824850 -0.0634500 -0.7493907 2.0263605 -1.4002084 -13.8632320 54.6767120 19.5921515
0.0803636 -0.0216406 -0.3775424 -0.0667046 -0.7810182 2.1535842 -1.3498308 -12.8418905 52.7673951 22.8545725
0.0827273 -0.0235226 -0.3723045 -0.0698310 -0.8100978 2.2758064 -1.2921686 -11.7080317 50.4567999 25.7431493
0.0850909 -0.0254701 -0.3667841 -0.0728131 -0.8363653 2.3921072 -1.2281359 -10.4606178 47.7674175 28.2350354
0.0874545 -0.0274763 -0.3609963 -0.0756368 -0.8595480 2.5016160 -1.1586939 -9.0941588 44.7185053 30.3128388
0.0898182 -0.0295335 -0.3549583 -0.0782905 -0.8793559 2.6035038 -1.0848389 -7.6002332 41.3260726 31.9643886
0.0921818 -0.0316333 -0.3486888 -0.0807651 -0.8954764 2.6969756 -1.0075895 -5.9698044 37.6038316 33.1832534
0.0945455 -0.0337666 -0.3422089 -0.0830537 -0.9075767 2.7812673 -0.9279726 -4.1959813 33.5652480 33.9696634
0.0969091 -0.0359236 -0.3355410 -0.0851519 -0.9153119 2.8556477 -0.8470057 -2.2767816 29.2264467 34.3313417
0.0992727 -0.0380935 -0.3287095 -0.0870577 -0.9183397 2.9194287 -0.7656790 -0.2173401 24.6090596 34.2839425
0.1016364 -0.0402649 -0.3217401 -0.0887715 -0.9163394 2.9719815 -0.6849361 1.9688558 19.7421723 33.8510056
0.1040000 -0.0424253 -0.3146601 -0.0902956 -0.9090324 3.0127554 -0.6056560 4.2596916 14.6634026 33.0634591
0.1063636 -0.0445621 -0.3074980 -0.0916346 -0.8962026 3.0412994 -0.5286361 6.6247533 9.4196498 31.9588759
0.1087273 -0.0466619 -0.3002831 -0.0927946 -0.8777154 3.0572846 -0.4545777 9.0259691 4.0675441 30.5808788
0.1110909 -0.0487113 -0.2930454 -0.0937835 -0.8535344 3.0605278 -0.3840720 11.4185219 -1.3270165 28.9790457
0.1134545 -0.0506968 -0.2858151 -0.0946102 -0.8237369 3.0510114 -0.3175858 13.7520420 -6.6905209 27.2091861
0.1158182 -0.0526053 -0.2786224 -0.0952848 -0.7885248 3.0288998 -0.2554467 15.9720525 -11.9441198 25.3331632
0.1181818 -0.0544244 -0.2714967 -0.0958178 -0.7482327 2.9945483 -0.1978291 18.0218658 -17.0060168 23.4171380
0.1205455 -0.0561424 -0.2644664 -0.0962200 -0.7033305 2.9485078 -0.1447475 19.8454395 -21.7944606 21.5276431
0.1229091 -0.0577492 -0.2575583 -0.0965020 -0.6544179 2.8915200 -0.0960620 21.3914856 -26.2321278 19.7259723
0.1252727 -0.0592360 -0.2507974 -0.0966741 -0.6022071 2.8245013 -0.0514975 22.6182707 -30.2515058 18.0623014
0.1276364 -0.0605960 -0.2442061 -0.0967455 -0.5474951 2.7485129 -0.0106766 23.4977889 -33.7995000 16.5711527
0.1300000 -0.0618242 -0.2378044 -0.0967246 -0.4911267 2.6647219 0.0268389 24.0181138 -36.8396959 15.2693011
0.1323636 -0.0629177 -0.2316092 -0.0966186 -0.4339550 2.5743616 0.0615055 24.1836084 -39.3524103 14.1563777
0.1347273 -0.0638756 -0.2256347 -0.0964338 -0.3768041 2.4786923 0.0937599 24.0133898 -41.3338734 13.2176610
0.1370909 -0.0646990 -0.2198918 -0.0961754 -0.3204371 2.3789651 0.1239890 23.5386079 -42.7953693 12.4280295
0.1394545 -0.0653904 -0.2143887 -0.0958477 -0.2655307 2.2763869 0.1525106 22.7990359 -43.7619438 11.7559172
0.1418182 -0.0659542 -0.2091307 -0.0954544 -0.2126598 2.1720904 0.1795625 21.8395469 -44.2701415 11.1663931
0.1441818 -0.0663957 -0.2041206 -0.0949988 -0.1622892 2.0671099 0.2052972 20.7070946 -44.3651064 10.6230712
0.1465455 -0.0667214 -0.1993589 -0.0944839 -0.1147718 1.9623645 0.2297806 19.4485161 -44.0977542 10.0892065
0.1489091 -0.0669383 -0.1948440 -0.0939126 -0.0703508 1.8586478 0.2529916 18.1089789 -43.5221183 9.5287660
0.1512727 -0.0670540 -0.1905725 -0.0932880 -0.0291657 1.7566236 0.2748257 16.7306394 -42.6924624 8.9081909
0.1536364 -0.0670762 -0.1865399 -0.0926134 0.0087395 1.6568289 0.2951031 15.3512277 -41.6601559 8.1989865
0.1560000 -0.0670126 -0.1827403 -0.0918929 0.0434038 1.5596846 0.3135845 14.0025999 -40.4709975 7.3806361
0.1583636 -0.0668710 -0.1791669 -0.0911310 0.0749336 1.4655114 0.3299934 12.7095026 -39.1636500 6.4430370
0.1607273 -0.0666584 -0.1758124 -0.0903330 0.1034850 1.3745474 0.3440425 11.4887957 -37.7691978 5.3877790
0.1630909 -0.0663818 -0.1726690 -0.0895046 0.1292443 1.2869661 0.3554629 10.3492863 -36.3114251 4.2279922
0.1654545 -0.0660474 -0.1697286 -0.0886526 0.1524089 1.2028934 0.3640294 9.2922488 -34.8075998 2.9868806
0.1678182 -0.0656613 -0.1669826 -0.0877838 0.1731713 1.1224211 0.3695827 8.3126310 -33.2698132 1.6951664
0.1701818 -0.0652288 -0.1644226 -0.0869055 0.1917050 1.0456179 0.3720429 7.4008250 -31.7067550 0.3876926
0.1725455 -0.0647550 -0.1620397 -0.0860250 0.2081570 0.9725346 0.3714154 6.5447495 -30.1254887 -0.9003430
0.1749091 -0.0642448 -0.1598251 -0.0851497 0.2226438 0.9032065 0.3677868 5.7319174 -28.5328015 -2.1367846
0.1772727 -0.0637026 -0.1577700 -0.0842864 0.2352533 0.8376523 0.3613142 4.9511466 -26.9360121 -3.2948887
0.1796364 -0.0631327 -0.1558653 -0.0834417 0.2460493 0.7758726 0.3522109 4.1936691 -25.3433489 -4.3544467
0.1820000 -0.0625394 -0.1541022 -0.0826214 0.2550779 0.7178474 0.3407296 3.4535827 -23.7639728 -5.3018371
0.1843636 -0.0619269 -0.1524719 -0.0818309 0.2623753 0.6635338 0.3271477 2.7277627 -22.2076434 -6.1293167
0.1867273 -0.0612991 -0.1509655 -0.0810749 0.2679728 0.6128658 0.3117546 2.0153953 -20.6841458 -6.8338357
0.1890909 -0.0606601 -0.1495747 -0.0803572 0.2719026 0.5657542 0.2948423 1.3172791 -19.2027721 -7.4156508
0.1914545 -0.0600137 -0.1482910 -0.0796811 0.2742000 0.5220890 0.2766988 0.6350572 -17.7721051 -7.8770047
0.1938182 -0.0593639 -0.1471066 -0.0790492 0.2749047 0.4817406 0.2576055 -0.0294125 -16.4001091 -8.2210911
0.1961818 -0.0587142 -0.1460137 -0.0784633 0.2740609 0.4445613 0.2378355 -0.6743738 -15.0943756 -8.4514566
0.1985455 -0.0580683 -0.1450051 -0.0779248 0.2717167 0.4103854 0.2176532 -1.2981472 -13.8623989 -8.5718586
0.2009091 -0.0574297 -0.1440737 -0.0774344 0.2679242 0.3790299 0.1973140 -1.8989155 -12.7117615 -8.5863818
0.2032727 -0.0568017 -0.1432133 -0.0769921 0.2627400 0.3502935 0.1770630 -2.4745226 -11.6500364 -8.4995310
0.2056364 -0.0561877 -0.1424178 -0.0765974 0.2562265 0.3239570 0.1571344 -3.0223881 -10.6842571 -8.3162240
0.2080000 -0.0555905 -0.1416818 -0.0762493 0.2484524 0.2997861 0.1377500 -3.5395160 -9.8200726 -8.0418293
0.2103636 -0.0550132 -0.1410006 -0.0759462 0.2394942 0.2775349 0.1191184 -4.0225633 -9.0609522 -7.6823118
0.2127273 -0.0544583 -0.1403699 -0.0756862 0.2294366 0.2569525 0.1014336 -4.4679914 -8.4077656 -7.2443805
0.2150909 -0.0539285 -0.1397859 -0.0754667 0.2183728 0.2377891 0.0848723 -4.8723019 -7.8588024 -6.7356384
0.2174545 -0.0534260 -0.1392458 -0.0752850 0.2064039 0.2198018 0.0695924 -5.2322774 -7.4100470 -6.1649107
0.2198182 -0.0529528 -0.1387469 -0.0751377 0.1936384 0.2027597 0.0557291 -5.5451235 -7.0554402 -5.5427612
0.2221818 -0.0525107 -0.1382873 -0.0750215 0.1801906 0.1864488 0.0433902 -5.8084782 -6.7869527 -4.8819385
0.2245455 -0.0521010 -0.1378655 -0.0749326 0.1661801 0.1706760 0.0326508 -6.0203068 -6.5944192 -4.1975469
0.2269091 -0.0517251 -0.1374804 -0.0748672 0.1517310 0.1552752 0.0235473 -6.1786677 -6.4651231 -3.5069555
0.2292727 -0.0513837 -0.1371314 -0.0748213 0.1369719 0.1401136 0.0160725 -6.2812727 -6.3831713 -2.8295110
0.2316364 -0.0510776 -0.1368181 -0.0747912 0.1220377 0.1251002 0.0101714 -3.1591554 -3.1759121 -1.2483028
0.2340000 -0.0508068 -0.1365401 -0.0747732 0.1220377 0.1251002 0.0101714 -3.1591554 -3.1759121 -1.2483028
