0.0000000 0.0002010 -0.4200741 0.0008730 -0.0850283 -0.0473219 -0.4117645 -0.8672708 -0.4674320 -5.2351318
0.0029192 -0.0000463 -0.4202044 -0.0003020 -0.0850283 -0.0473219 -0.4117645 -0.8672708 -0.4674320 -5.2351318
0.0058384 -0.0002954 -0.4203504 -0.0015310 -0.0900917 -0.0500509 -0.4423292 -3.2923163 0.1068547 -14.5541145
0.0087576 -0.0005723 -0.4204966 -0.0028844 -0.1042501 -0.0466980 -0.4967370 -6.4669046 2.4473028 -22.5280478
0.0116768 -0.0009041 -0.4206231 -0.0044312 -0.1278480 -0.0357626 -0.5738566 -9.7040305 5.3016794 -29.8782356
0.0145960 -0.0013187 -0.4207054 -0.0062348 -0.1609059 -0.0157448 -0.6711776 -12.9026913 8.6543779 -36.1684713
0.0175152 -0.0018435 -0.4207150 -0.0083498 -0.2031789 0.0147650 -0.7850220 -15.9815719 12.4568443 -41.0443302
0.0204343 -0.0025049 -0.4206192 -0.0108181 -0.2542125 0.0569831 -0.9108101 -18.8760655 16.6249584 -44.2483142
0.0233535 -0.0033277 -0.4203823 -0.0136674 -0.3133846 0.1118278 -1.0433606 -21.5324072 21.0403097 -45.6278842
0.0262727 -0.0043346 -0.4199663 -0.0169096 -0.3799270 0.1798245 -1.1772032 -23.9014607 25.5564866 -45.1364164
0.0291919 -0.0055459 -0.4193324 -0.0205404 -0.4529305 0.2610364 -1.3068843 -25.9345416 30.0104268 -42.8272781
0.0321111 -0.0069790 -0.4184423 -0.0245397 -0.5313428 0.3550369 -1.4272453 -27.5825705 34.2373383 -38.8418169
0.0350303 -0.0086480 -0.4172596 -0.0288732 -0.6139681 0.4609271 -1.5336578 -28.7981597 38.0864472 -33.3928616
0.0379495 -0.0105635 -0.4157512 -0.0334938 -0.6994775 0.5774002 -1.6222057 -29.5389008 41.4345416 -26.7457106
0.0408687 -0.0127319 -0.4138885 -0.0383443 -0.7864276 0.7028379 -1.6898095 -29.7700216 44.1949857 -19.1983507
0.0437879 -0.0151550 -0.4116478 -0.0433596 -0.8732863 0.8354275 -1.7342930 -29.4655604 46.3208990 -11.0624067
0.0467071 -0.0178304 -0.4090109 -0.0484697 -0.9584588 0.9732771 -1.7543961 -28.6083380 47.8022412 -2.6463892
0.0496263 -0.0207509 -0.4059654 -0.0536024 -1.0403127 1.1145153 -1.7497436 -27.1896592 48.6578572 5.7574307
0.0525455 -0.0239042 -0.4025040 -0.0586854 -1.1172025 1.2573603 -1.7207820 -25.2097165 48.9247511 13.8821348
0.0554646 -0.0272735 -0.3986245 -0.0636490 -1.1874967 1.4001568 -1.6686944 -22.6791628 48.6472409 21.4919781
0.0583838 -0.0308373 -0.3943293 -0.0684279 -1.2496121 1.5413816 -1.5953036 -19.6215179 47.8681228 28.3861176
0.0613030 -0.0345692 -0.3896253 -0.0729630 -1.3020547 1.6796292 -1.5029654 -16.0754897 46.6230986 34.4011299
0.0642222 -0.0384391 -0.3845230 -0.0772028 -1.3434670 1.8135852 -1.3944566 -12.0962846 44.9389197 39.4125369
0.0671414 -0.0424129 -0.3790369 -0.0811044 -1.3726775 1.9419999 -1.2728598 -7.7554382 42.8350196 43.3351195
0.0700606 -0.0464534 -0.3731849 -0.0846342 -1.3887463 2.0636724 -1.1414495 -3.1391492 40.3277028 46.1217693
0.0729798 -0.0505209 -0.3669884 -0.0877686 -1.3910050 2.1774485 -1.0035832 1.6546620 37.4354117 47.7608958
0.0758990 -0.0545746 -0.3604721 -0.0904935 -1.3790857 2.2822347 -0.8626031 6.5201794 34.1836125 48.2728576
0.0788182 -0.0585726 -0.3536638 -0.0928048 -1.3529377 2.3770256 -0.7217478 11.3477302 30.6083655 47.7063971
0.0817374 -0.0624736 -0.3465941 -0.0947074 -1.3128333 2.4609381 -0.5840748 16.0271557 26.7582342 46.1362908
0.0846566 -0.0662374 -0.3392959 -0.0962148 -1.2593650 2.5332504 -0.4523864 20.4498825 22.6945547 43.6628575
0.0875758 -0.0698262 -0.3318040 -0.0973486 -1.1934390 2.5934376 -0.3291543 24.5099400 18.4901643 40.4124962
0.0904949 -0.0732052 -0.3241544 -0.0981366 -1.1162666 2.6412031 -0.2164427 28.1052013 14.2265670 36.5369920
0.0934141 -0.0763434 -0.3163836 -0.0986122 -1.0293501 2.6764978 -0.1158373 31.1403825 9.9895197 32.2093399
0.0963333 -0.0792149 -0.3085280 -0.0988129 -0.9344571 2.6995257 -0.0283922 33.5323567 5.8633743 27.6155717
0.0992525 -0.0817991 -0.3006228 -0.0987780 -0.8335753 2.7107304 0.0453930 35.2167590 1.9250479 22.9441877
0.1021717 -0.0840816 -0.2927017 -0.0985478 -0.7288481 2.7107649 0.1055647 36.1539373 -1.7612471 18.3756165
0.1050909 -0.0860544 -0.2847963 -0.0981617 -0.6224947 2.7004476 0.1526769 36.3327314 -5.1477400 14.0731606
0.1080101 -0.0877160 -0.2769355 -0.0976565 -0.5167237 2.6807104 0.1877292 35.7718737 -8.2052172 10.1751810
0.1109293 -0.0890712 -0.2691453 -0.0970656 -0.4136448 2.6525424 0.2120835 34.5197934 -10.9237761 6.7875434
0.1138485 -0.0901310 -0.2614489 -0.0964182 -0.3151839 2.6169332 0.2273575 32.6535422 -13.3122817 3.9763619
0.1167677 -0.0909114 -0.2538666 -0.0957382 -0.2230009 2.5748202 0.2352990 30.2767120 -15.3962804 1.7627495
0.1196869 -0.0914330 -0.2464161 -0.0950445 -0.1384168 2.5270438 0.2376491 27.5154842 -17.2142437 0.1219804
0.1226061 -0.0917195 -0.2391128 -0.0943508 -0.0623549 2.4743168 0.2360112 24.5119347 -18.8125730 -1.0113335
0.1255253 -0.0917970 -0.2319701 -0.0936665 0.0046933 2.4172088 0.2317446 21.4144613 -20.2402598 -1.7322716
0.1284444 -0.0916921 -0.2250002 -0.0929977 0.0626709 2.3561464 0.2258975 18.3663349 -21.5440297 -2.1510690
0.1313636 -0.0914311 -0.2182140 -0.0923477 0.1119230 2.2914265 0.2191858 15.4942976 -22.7643570 -2.3783318
0.1342828 -0.0910387 -0.2116219 -0.0917181 0.1531326 2.2232394 0.2120119 12.8993015 -23.9323350 -2.5127366
0.1372020 -0.0905371 -0.2052339 -0.0911099 0.1872341 2.1517003 0.2045155 10.6508354 -25.0672291 -2.6324244
0.1401212 -0.0899455 -0.1990595 -0.0905240 0.2153162 2.0768873 0.1966428 8.7852855 -26.1746999 -2.7901876
0.1430404 -0.0892800 -0.1931082 -0.0899618 0.2385259 1.9988824 0.1882253 7.3078973 -27.2460386 -3.0121573
0.1459596 -0.0885529 -0.1873892 -0.0894251 0.2579825 1.9178144 0.1790567 6.1973223 -28.2588991 -3.2995467
0.1488788 -0.0877738 -0.1819113 -0.0889164 0.2747083 1.8338961 0.1689613 5.4114971 -29.1797929 -3.6329063
0.1517980 -0.0869491 -0.1766823 -0.0884386 0.2895769 1.7474516 0.1578464 4.8937787 -29.9683498 -3.9782938
0.1547172 -0.0860831 -0.1717090 -0.0879948 0.3032800 1.6589294 0.1457345 4.5787102 -30.5830623 -4.2945903
0.1576364 -0.0851784 -0.1669968 -0.0875878 0.3163092 1.5688959 0.1327729 4.3972631 -30.9875217 -4.5409256
0.1605556 -0.0842364 -0.1625492 -0.0872196 0.3289529 1.4780123 0.1192228 4.2816872 -31.1555196 -4.6830730
0.1634747 -0.0832579 -0.1583676 -0.0868917 0.3413073 1.3869981 0.1054314 4.1700476 -31.0738029 -4.6978969
0.1663939 -0.0822437 -0.1544513 -0.0866041 0.3532993 1.2965915 0.0917947 4.0101972 -30.7424278 -4.5754607
0.1693131 -0.0811952 -0.1507976 -0.0863558 0.3647204 1.2075120 0.0787181 3.7626556 -30.1733466 -4.3189411
0.1722323 -0.0801143 -0.1474014 -0.0861445 0.3752671 1.1204279 0.0665791 3.4019531 -29.3878533 -3.9428317
0.1751515 -0.0790042 -0.1442561 -0.0859671 0.3845823 1.0359344 0.0556983 2.9163649 -28.4134370 -3.4701013
0.1780707 -0.0778690 -0.1413532 -0.0858193 0.3922940 0.9545394 0.0463193 2.3063892 -27.2806817 -2.9290996
0.1809899 -0.0767139 -0.1386831 -0.0856966 0.3980479 0.8766593 0.0385971 1.5826662 -26.0208517 -2.3509829
0.1839091 -0.0755450 -0.1362350 -0.0855940 0.4015342 0.8026197 0.0325933 0.7640570 -24.6644742 -1.7680100
0.1868283 -0.0743695 -0.1339971 -0.0855063 0.4025087 0.7326586 0.0282748 -0.1238212 -23.2407279 -1.2123414
0.1897475 -0.0731950 -0.1319574 -0.0854289 0.4008113 0.6669314 0.0255152 -1.0497886 -21.7771890 -0.7145962
0.1926667 -0.0720295 -0.1301033 -0.0853574 0.3963797 0.6055150 0.0241027 -1.9784482 -20.2995682 -0.3017535
0.1955859 -0.0708808 -0.1284222 -0.0852882 0.3892603 0.5484147 0.0237535 -2.8720742 -18.8313022 0.0053960
0.1985051 -0.0697568 -0.1269015 -0.0852187 0.3796114 0.4955707 0.0241342 -3.6931999 -17.3930827 0.1947014
0.2014242 -0.0686645 -0.1255289 -0.0851473 0.3676980 0.4468672 0.0248902 -4.4077478 -16.0024523 0.2645406
0.2043434 -0.0676100 -0.1242925 -0.0850734 0.3538773 0.4021422 0.0256787 -4.9882763 -14.6735072 0.2249130
0.2072626 -0.0665984 -0.1231810 -0.0849973 0.3385745 0.3611976 0.0262033 -5.4167292 -13.4167757 0.0975751
0.2101818 -0.0656333 -0.1221837 -0.0849204 0.3222523 0.3238099 0.0262484 -5.6860621 -12.2393487 -0.0850799
0.2131010 -0.0647170 -0.1212905 -0.0848441 0.3053771 0.2897396 0.0257066 -5.8004204 -11.1451430 -0.2828879
0.2160202 -0.0638504 -0.1204921 -0.0847703 0.2883873 0.2587403 0.0245967 -5.7739099 -10.1350736 -0.4528369
0.2189394 -0.0630333 -0.1197799 -0.0847005 0.2716668 0.2305672 0.0230628 -5.6281901 -9.2070864 -0.5555268
0.2218586 -0.0622643 -0.1191459 -0.0846356 0.2555277 0.2049858 0.0213534 -5.3893011 -8.3561879 -0.5616015
0.2247778 -0.0615414 -0.1185831 -0.0845758 0.2402020 0.1817805 0.0197839 -5.0843795 -7.5746711 -0.4562945
0.2276970 -0.0608619 -0.1180846 -0.0845201 0.2258432 0.1607620 0.0186893 -4.7389252 -6.8527443 -0.2410034
0.2306162 -0.0602229 -0.1176445 -0.0844667 0.2125343 0.1417716 0.0183769 -4.3750102 -6.1796167 0.0679828
0.2335354 -0.0596211 -0.1172569 -0.0844128 0.2003002 0.1246830 0.0190863 -4.0105638 -5.5448554 0.4426751
0.2364545 -0.0590534 -0.1169165 -0.0843553 0.1891191 0.1093986 0.0209614 -3.6596393 -4.9397755 0.8475344
0.2393737 -0.0585169 -0.1166182 -0.0842905 0.1789338 0.0958427 0.0240345 -3.3332513 -4.3587106 1.2440486
0.2422929 -0.0580087 -0.1163570 -0.0842150 0.1696583 0.0839508 0.0282246 -3.0401944 -3.7999607 1.5953751
0.2452121 -0.0575264 -0.1161281 -0.0841257 0.1611840 0.0736571 0.0333489 -2.7873559 -3.2661958 1.8704131
0.2481313 -0.0570677 -0.1159269 -0.0840202 0.1533847 0.0648815 0.0391448 -2.5793224 -2.7641842 2.0465442
0.2510505 -0.0566309 -0.1157493 -0.0838971 0.1461249 0.0575187 0.0452974 -2.4175174 -2.3036906 2.1106868
0.2539697 -0.0562146 -0.1155911 -0.0837558 0.1392703 0.0514316 0.0514678 -2.2995079 -1.8954614 2.0588823
0.2568889 -0.0558178 -0.1154490 -0.0835966 0.1326995 0.0464523 0.0573180 -2.2190587 -1.5486891 1.8950035
0.2598081 -0.0554398 -0.1153199 -0.0834211 0.1263146 0.0423898 0.0625315 -2.1670975 -1.2687821 1.6292706
0.2627273 -0.0550803 -0.1152015 -0.0832316 0.1200471 0.0390446 0.0668303 -2.1334285 -1.0560770 1.2771369
0.2656465 -0.0547389 -0.1150919 -0.0830310 0.1138588 0.0362240 0.0699880 -2.1088545 -0.9056151 0.8588187
0.2685657 -0.0544155 -0.1149900 -0.0828229 0.1077348 0.0337573 0.0718444 -2.0871819 -0.8078402 0.3992449
0.2714848 -0.0541099 -0.1148949 -0.0826115 0.1016730 0.0315075 0.0723189 -2.0664925 -0.7501084 -0.0724582
0.2744040 -0.0538219 -0.1148060 -0.0824007 0.0956699 0.0293779 0.0714213 -2.0492846 -0.7188209 -0.5250489
0.2773232 -0.0535514 -0.1147233 -0.0821945 0.0897085 0.0273108 0.0692535 -2.0414834 -0.7017580 -0.9291945
0.2802424 -0.0532982 -0.1146466 -0.0819964 0.0837509 0.0252807 0.0659963 -2.0505922 -0.6901103 -1.2627148
0.2831616 -0.0530624 -0.1145757 -0.0818092 0.0777364 0.0232817 0.0618813 -2.0833985 -0.6796741 -1.5154548
0.2860808 -0.0528443 -0.1145107 -0.0816351 0.0715872 0.0213125 0.0571485 -1.0532274 -0.3372706 -0.8106217
0.2890000 -0.0526444 -0.1144513 -0.0814756 0.0715872 0.0213125 0.0571485 -1.0532274 -0.3372706 -0.8106217
