0.0000000 -0.0000254 -0.4199027 0.0001012 0.0160322 -0.0197877 -0.2767698 0.3835080 -0.4411742 -4.4674187
0.0035354 0.0000249 -0.4199650 -0.0008493 0.0160322 -0.0197877 -0.2767698 0.3835080 -0.4411742 -4.4674187
0.0070707 0.0000880 -0.4200426 -0.0018557 0.0187439 -0.0229071 -0.3083576 0.4352710 -0.4870814 -13.2072448
0.0106061 0.0001574 -0.4201270 -0.0030296 0.0191099 -0.0232317 -0.3701543 -0.3778680 0.4312716 -21.2264946
0.0141414 0.0002231 -0.4202068 -0.0044730 0.0160721 -0.0198577 -0.4584439 -1.5002863 1.6222353 -27.9406784
0.0176768 0.0002710 -0.4202674 -0.0062711 0.0085018 -0.0117613 -0.5677147 -2.9316307 3.1106688 -32.9354251
0.0212121 0.0002832 -0.4202900 -0.0084871 -0.0046566 0.0021369 -0.6913206 -4.6259048 4.9002339 -35.9857980
0.0247475 0.0002381 -0.4202523 -0.0111592 -0.0242066 0.0228868 -0.8221597 -6.4868203 6.9692385 -37.0484786
0.0282828 0.0001121 -0.4201282 -0.0143004 -0.0505230 0.0514144 -0.9532796 -8.3754753 9.2697889 -36.2336642
0.0318182 -0.0001191 -0.4198887 -0.0178996 -0.0834271 0.0884307 -1.0783573 -10.1301565 11.7295266 -33.7667804
0.0353535 -0.0004778 -0.4195029 -0.0219251 -0.1221504 0.1343504 -1.1920346 -11.5922304 14.2563148 -29.9489506
0.0388889 -0.0009828 -0.4189388 -0.0263281 -0.1653924 0.1892330 -1.2901176 -12.6298565 16.7471325 -25.1222792
0.0424242 -0.0016473 -0.4181649 -0.0310472 -0.2114524 0.2527645 -1.3696669 -13.1538577 19.1008523 -19.6420414
0.0459596 -0.0024779 -0.4171515 -0.0360126 -0.2583995 0.3242895 -1.4290007 -13.1245000 21.2313338 -13.8544166
0.0494949 -0.0034743 -0.4158719 -0.0411512 -0.3042519 0.4028850 -1.4676274 -12.5506610 23.0758655 -8.0777265
0.0530303 -0.0046292 -0.4143029 -0.0463898 -0.3471415 0.4874522 -1.4861160 -11.4834021 24.5960208 -2.5865679
0.0565657 -0.0059289 -0.4124253 -0.0516591 -0.3854477 0.5767963 -1.4859163 -10.0058425 25.7718604 2.4007978
0.0601010 -0.0073546 -0.4102245 -0.0568963 -0.4178899 0.6696775 -1.4691406 -8.2212959 26.5939173 6.7309404
0.0636364 -0.0088837 -0.4076902 -0.0620470 -0.4435780 0.7648341 -1.4383237 -6.2415784 27.0582816 10.3176977
0.0671717 -0.0104910 -0.4048166 -0.0670663 -0.4620223 0.8609986 -1.3961872 -4.1767575 27.1669137 13.1365906
0.0707071 -0.0121505 -0.4016023 -0.0719190 -0.4731107 0.9569234 -1.3454388 -2.1266352 26.9305069 15.2124911
0.0742424 -0.0138362 -0.3980505 -0.0765795 -0.4770591 1.0514164 -1.2886241 -0.1738563 26.3695522 16.6060430
0.0777778 -0.0155236 -0.3941681 -0.0810305 -0.4743400 1.1433748 -1.2280223 1.6209166 25.5120597 17.4042950
0.0813131 -0.0171901 -0.3899660 -0.0852624 -0.4655981 1.2318047 -1.1655635 3.2208383 24.3900347 17.7159390
0.0848485 -0.0188157 -0.3854583 -0.0892718 -0.4515664 1.3158296 -1.1027581 4.6114764 23.0374001 17.6666296
0.0883838 -0.0203830 -0.3806622 -0.0930597 -0.4329917 1.3946954 -1.0406479 5.7973070 21.4896336 17.3896931
0.0919192 -0.0218773 -0.3755969 -0.0966300 -0.4105753 1.4677765 -0.9798007 6.7977917 19.7830891 17.0117664
0.0954545 -0.0232861 -0.3702839 -0.0999876 -0.3849265 1.5345758 -0.9203627 7.6435600 17.9522578 16.6375404
0.0989899 -0.0245990 -0.3647463 -0.1031376 -0.3565299 1.5947116 -0.8621615 8.3716031 16.0255773 16.3390157
0.1025253 -0.0258070 -0.3590082 -0.1060837 -0.3257333 1.6478880 -0.8048343 9.0183420 14.0224922 16.1521871
0.1060606 -0.0269022 -0.3530946 -0.1088283 -0.2927639 1.6938605 -0.7479541 9.6113209 11.9543077 16.0805304
0.1095960 -0.0278771 -0.3470314 -0.1113723 -0.2577745 1.7324134 -0.6911336 10.1622689 9.8289879 16.1025357
0.1131313 -0.0287248 -0.3408452 -0.1137151 -0.2209094 1.7633584 -0.6340978 10.6643317 7.6575577 16.1804050
0.1166667 -0.0294390 -0.3345632 -0.1158558 -0.1823701 1.7865577 -0.5767267 11.0940509 5.4590706 16.2685499
0.1202020 -0.0300143 -0.3282130 -0.1177930 -0.1424667 1.8019579 -0.5190676 11.4159744 3.2624447 16.3224193
0.1237374 -0.0304464 -0.3218221 -0.1195260 -0.1016511 1.8096255 -0.4613156 11.5871519 1.1057305 16.3083022
0.1272727 -0.0307330 -0.3154177 -0.1210548 -0.0605373 1.8097762 -0.4037564 11.5609928 -0.9656410 16.2124890
0.1308081 -0.0308744 -0.3090257 -0.1223808 -0.0199067 1.8027978 -0.3466819 11.2925711 -2.9016105 16.0459443
0.1343434 -0.0308738 -0.3026706 -0.1235061 0.0193092 1.7892598 -0.2903002 10.7471314 -4.6530498 15.8415915
0.1378788 -0.0307379 -0.2963744 -0.1244334 0.0560831 1.7698974 -0.2346706 9.9102927 -6.1805105 15.6453711
0.1414141 -0.0304772 -0.2901562 -0.1251654 0.0893819 1.7455592 -0.1796764 8.7959144 -7.4626220 15.5055252
0.1449495 -0.0301059 -0.2840320 -0.1257039 0.1182764 1.7171314 -0.1250356 7.4485888 -8.4994240 15.4636621
0.1484848 -0.0296409 -0.2780148 -0.1260495 0.1420487 1.6854623 -0.0703374 5.9408740 -9.3100863 15.5476376
0.1520202 -0.0291015 -0.2721146 -0.1262012 0.1602826 1.6513025 -0.0151028 4.3673031 -9.9293940 15.7647221
0.1555556 -0.0285076 -0.2663390 -0.1261563 0.1729287 1.6152544 0.0411304 2.8367444 -10.4064635 16.0955285
0.1590909 -0.0278788 -0.2606936 -0.1259104 0.1803404 1.5777214 0.0987040 1.4633901 -10.8036390 16.4917256
0.1626263 -0.0272325 -0.2551834 -0.1254584 0.1832759 1.5388651 0.1577385 0.3563041 -11.1912027 16.8799985
0.1661616 -0.0265829 -0.2498128 -0.1247951 0.1828597 1.4985917 0.2180575 -0.3916267 -11.6371526 17.1712215
0.1696970 -0.0259396 -0.2445873 -0.1239165 0.1805068 1.4565822 0.2791512 -0.7134114 -12.1954327 17.2714251
0.1732323 -0.0253066 -0.2395137 -0.1228213 0.1778154 1.4123614 0.3401787 -0.5746143 -12.8961887 17.0924829
0.1767677 -0.0246823 -0.2346009 -0.1215112 0.1764438 1.3653970 0.4000071 0.0229936 -13.7394209 16.5627635
0.1803030 -0.0240590 -0.2298594 -0.1199929 0.1779780 1.3152140 0.4572891 1.0392170 -14.6917471 15.6375916
0.1838384 -0.0234238 -0.2253014 -0.1182779 0.1837918 1.2615160 0.5105760 2.3940606 -15.6858430 14.3072719
0.1873737 -0.0227595 -0.2209396 -0.1163828 0.1949057 1.2043040 0.5584517 3.9695433 -16.6236455 12.5998015
0.1909091 -0.0220457 -0.2167861 -0.1143292 0.2118593 1.1439750 0.5996655 5.6182492 -17.3861736 10.5766317
0.1944444 -0.0212615 -0.2128509 -0.1121427 0.2346307 1.0813714 0.6332359 7.1789252 -17.8513070 8.3219885
0.1979798 -0.0203867 -0.2091400 -0.1098518 0.2626194 1.0177537 0.6585078 8.4943753 -17.9153631 5.9291547
0.2015152 -0.0194046 -0.2056546 -0.1074866 0.2946919 0.9546971 0.6751593 9.4255845 -17.5103966 3.4891718
0.2050505 -0.0183030 -0.2023896 -0.1050780 0.3292650 0.8939428 0.6831787 9.8598177 -16.6119130 1.0858178
0.2085859 -0.0170764 -0.1993338 -0.1026561 0.3644078 0.8372392 0.6828368 9.7148590 -15.2383865 -1.2037466
0.2121212 -0.0157264 -0.1964698 -0.1002498 0.3979559 0.7861966 0.6746674 8.9425452 -13.4476868 -3.3063797
0.2156566 -0.0142626 -0.1937748 -0.0978857 0.4276379 0.7421545 0.6594583 7.5329492 -11.3335135 -5.1521199
0.2191919 -0.0127027 -0.1912222 -0.0955870 0.4512192 0.7060607 0.6382383 5.5185662 -9.0206130 -6.6775343
0.2227273 -0.0110722 -0.1887825 -0.0933729 0.4666581 0.6783724 0.6122434 2.9768643 -6.6556946 -7.8338423
0.2262626 -0.0094031 -0.1864256 -0.0912580 0.4722677 0.6590002 0.5828475 0.0295149 -4.3929987 -8.5971549
0.2297980 -0.0077329 -0.1841229 -0.0892518 0.4668668 0.6473108 0.5514555 -3.1627806 -2.3772353 -8.9754969
0.2333333 -0.0061020 -0.1818487 -0.0873588 0.4499046 0.6421915 0.5193843 -6.4101125 -0.7288154 -9.0088814
0.2368687 -0.0045518 -0.1795821 -0.0855793 0.4215427 0.6421576 0.4877563 -9.5073174 0.4651156 -8.7633864
0.2404040 -0.0031214 -0.1773082 -0.0839100 0.3826811 0.6454802 0.4574210 -12.2508804 1.1541602 -8.3225539
0.2439394 -0.0018459 -0.1750181 -0.0823450 0.3349204 0.6503183 0.4289100 -14.4570284 1.3253615 -7.7780960
0.2474747 -0.0007533 -0.1727100 -0.0808773 0.2804597 0.6548514 0.4024244 -15.9789953 1.0028568 -7.2202998
0.2510101 0.0001371 -0.1703879 -0.0794996 0.2219376 0.6574092 0.3778573 -16.7214591 0.2461400 -6.7285769
0.2545455 0.0008159 -0.1680616 -0.0782056 0.1622272 0.6565918 0.3548486 -16.6502174 -0.8544342 -6.3633420
0.2580808 0.0012842 -0.1657453 -0.0769906 0.1042088 0.6513677 0.3328640 -15.7952773 -2.1859982 -6.1606995
0.2616162 0.0015528 -0.1634560 -0.0758520 0.0505434 0.6411352 0.3112881 -14.2461156 -3.6250968 -6.1308696
0.2651515 0.0016416 -0.1612120 -0.0747896 0.0034786 0.6257357 0.2895144 -12.1394120 -5.0512325 -6.2601690
0.2686869 0.0015774 -0.1590316 -0.0738050 -0.0352908 0.6054194 0.2670242 -9.6418365 -6.3593461 -6.5154904
0.2722222 0.0013920 -0.1569313 -0.0729015 -0.0646960 0.5807707 0.2434453 -6.9321630 -7.4692007 -6.8500478
0.2757576 0.0011199 -0.1549251 -0.0720836 -0.0843061 0.5526069 0.2185896 -4.1865553 -8.3309397 -7.2095838
0.2792929 0.0007959 -0.1530240 -0.0713559 -0.0942979 0.5218650 0.1924684 -1.5685339 -8.9268163 -7.5387040
0.2828283 0.0004532 -0.1512352 -0.0707227 -0.0953968 0.4894880 0.1652856 0.7771515 -9.2688550 -7.7868786
0.2863636 0.0001214 -0.1495629 -0.0701872 -0.0888029 0.4563277 0.1374097 2.7284899 -9.3923760 -7.9131701
0.2898990 -0.0001747 -0.1480086 -0.0697511 -0.0761044 0.4230773 0.1093339 4.1896537 -9.3465105 -7.8887566
0.2934343 -0.0004167 -0.1465715 -0.0694142 -0.0591790 0.3902412 0.0816306 5.0949750 -9.1836038 -7.6970824
0.2969697 -0.0005932 -0.1452493 -0.0691740 -0.0400793 0.3581427 0.0549101 5.4138778 -8.9490613 -7.3326121
0.3005051 -0.0007001 -0.1440392 -0.0690259 -0.0208991 0.3269651 0.0297839 5.1564395 -8.6729391 -6.8000214
0.3040404 -0.0007409 -0.1429375 -0.0689634 -0.0036197 0.2968189 0.0068291 4.3780614 -8.3651542 -6.1151550
0.3075758 -0.0007257 -0.1419404 -0.0689776 0.0100569 0.2678175 -0.0134546 3.1805519 -8.0165945 -5.3070190
0.3111111 -0.0006698 -0.1410438 -0.0690585 0.0188691 0.2401359 -0.0306953 1.7067362 -7.6068694 -4.4182455
0.3146465 -0.0005923 -0.1402425 -0.0691947 0.0221247 0.2140315 -0.0446947 0.1267534 -7.1158847 -3.5017665
0.3181818 -0.0005134 -0.1395305 -0.0693745 0.0197653 0.1898216 -0.0554552 -1.3833399 -6.5339107 -2.6135686
0.3217172 -0.0004525 -0.1389003 -0.0695868 0.0123435 0.1678322 -0.0631745 -2.6662661 -5.8661631 -1.8035272
0.3252525 -0.0004261 -0.1383438 -0.0698212 0.0009129 0.1483436 -0.0682074 -3.6044004 -5.1317738 -1.1071645
0.3287879 -0.0004461 -0.1378514 -0.0700691 -0.0131421 0.1315469 -0.0710029 -4.1311021 -4.3598892 -0.5406983
0.3323232 -0.0005190 -0.1374136 -0.0703233 -0.0282969 0.1175161 -0.0720306 -4.2314326 -3.5859165 -0.1004328
0.3358586 -0.0006461 -0.1370205 -0.0705784 -0.0430613 0.1061919 -0.0717131 -3.9350301 -2.8492487 0.2339642
0.3393939 -0.0008235 -0.1366628 -0.0708303 -0.0561203 0.0973699 -0.0703763 -3.3049616 -2.1917666 0.4935981
0.3429293 -0.0010430 -0.1363321 -0.0710760 -0.0664298 0.0906946 -0.0682230 -2.4256966 -1.6558040 0.7129108
0.3464646 -0.0012932 -0.1360215 -0.0713127 -0.0732717 0.0856622 -0.0653355 -0.9676459 -0.7117212 0.4083742
0.3500000 -0.0015610 -0.1357264 -0.0715379 -0.0732717 0.0856622 -0.0653355 -0.9676459 -0.7117212 0.4083742
