0.0000000 0.0000737 -0.4197125 0.0005529 -0.0156746 -0.0592665 -0.1762793 -0.2414793 -1.6984071 -1.2203615
0.0024343 0.0000355 -0.4198475 0.0001269 -0.0156746 -0.0592665 -0.1762793 -0.2414793 -1.6984071 -1.2203615
0.0048687 -0.0000026 -0.4200010 -0.0003054 -0.0168503 -0.0675355 -0.1822209 -0.9938235 -3.6207364 -3.9210104
0.0073030 -0.0000465 -0.4201763 -0.0007603 -0.0205132 -0.0768947 -0.1953695 -2.0598542 -3.9865752 -7.0434536
0.0097374 -0.0001025 -0.4203754 -0.0012566 -0.0268791 -0.0869449 -0.2165132 -3.2043491 -4.1570786 -10.4505245
0.0121717 -0.0001774 -0.4205996 -0.0018145 -0.0361142 -0.0971343 -0.2462498 -4.4081638 -4.0705607 -14.0642113
0.0146061 -0.0002783 -0.4208483 -0.0024555 -0.0483410 -0.1067632 -0.2849875 -5.6550978 -3.6689068 -17.8075437
0.0170404 -0.0004127 -0.4211194 -0.0032020 -0.0636471 -0.1149970 -0.3329492 -6.9332079 -2.9007062 -21.6052812
0.0194747 -0.0005882 -0.4214082 -0.0040765 -0.0820966 -0.1208858 -0.3901768 -8.2358735 -1.7239772 -25.3836630
0.0219091 -0.0008124 -0.4217079 -0.0051016 -0.1037450 -0.1233905 -0.4565343 -9.5622389 -0.1084565 -29.0696593
0.0243434 -0.0010933 -0.4220090 -0.0062992 -0.1286522 -0.1214139 -0.5317079 -10.9165867 1.9623483 -32.5901508
0.0267778 -0.0014388 -0.4222991 -0.0076903 -0.1568944 -0.1138365 -0.6152055 -12.3063821 4.4892474 -35.8712463
0.0292121 -0.0018572 -0.4225632 -0.0092945 -0.1885681 -0.0995571 -0.7063538 -13.7391878 7.4558834 -38.8378126
0.0316465 -0.0023569 -0.4227838 -0.0111294 -0.2237862 -0.0775361 -0.8042947 -15.2191274 10.8281929 -41.4133893
0.0340808 -0.0029467 -0.4229407 -0.0132103 -0.2626653 -0.0468381 -0.9079826 -16.7437551 14.5551744 -43.5207885
0.0365152 -0.0036357 -0.4230118 -0.0155500 -0.3053063 -0.0066715 -1.0161837 -18.3019553 18.5709684 -45.0836435
0.0389495 -0.0044332 -0.4229732 -0.0181578 -0.3517718 0.0435782 -1.1274807 -19.8730494 22.7980167 -46.0289923
0.0413838 -0.0053484 -0.4227996 -0.0210394 -0.4020620 0.1043249 -1.2402845 -21.4269180 27.1510059 -46.2907634
0.0438182 -0.0063907 -0.4224653 -0.0241964 -0.4560927 0.1757679 -1.3528560 -22.9248423 31.5413094 -45.8137939
0.0462525 -0.0075690 -0.4219439 -0.0276260 -0.5136758 0.2578896 -1.4633375 -24.3208527 35.8816473 -44.5578291
0.0486869 -0.0088916 -0.4212097 -0.0313209 -0.5745033 0.3504644 -1.5697941 -25.5635163 40.0906650 -42.5010084
0.0511212 -0.0103660 -0.4202376 -0.0352689 -0.6381366 0.4530785 -1.6702616 -26.5981785 44.0969507 -39.6425581
0.0535556 -0.0119985 -0.4190038 -0.0394529 -0.7040015 0.5651587 -1.7628013 -27.3696410 47.8417552 -36.0044449
0.0559899 -0.0137936 -0.4174860 -0.0438514 -0.7713908 0.6860051 -1.8455560 -27.8251221 51.2796982 -31.6316488
0.0584242 -0.0157541 -0.4156638 -0.0484383 -0.8394733 0.8148235 -1.9168059 -27.9171965 54.3772501 -26.5909301
0.0608586 -0.0178807 -0.4135189 -0.0531837 -0.9073109 0.9507509 -1.9750189 -27.6064338 57.1095282 -20.9685579
0.0632929 -0.0201716 -0.4110349 -0.0580541 -0.9738804 1.0928719 -2.0188952 -26.8636122 59.4564932 -14.8678247
0.0657273 -0.0226223 -0.4081980 -0.0630131 -1.0381014 1.2402259 -2.0474057 -25.6714543 61.3995692 -8.4067116
0.0681616 -0.0252258 -0.4049966 -0.0680222 -1.0988667 1.3918072 -2.0598249 -24.0257478 62.9191755 -1.7151144
0.0705960 -0.0279723 -0.4014218 -0.0730417 -1.1550753 1.5465597 -2.0557560 -21.9356996 63.9931699 5.0691944
0.0730303 -0.0308495 -0.3974669 -0.0780311 -1.2056647 1.7033699 -2.0351445 -19.4236023 64.5962061 11.8058449
0.0754646 -0.0338423 -0.3931286 -0.0829502 -1.2496427 1.8610584 -1.9982771 -16.5241254 64.7002485 18.3574468
0.0778990 -0.0369336 -0.3884060 -0.0877601 -1.2861155 2.0183751 -1.9457679 -13.2833830 64.2763229 24.5945825
0.0803333 -0.0401040 -0.3833017 -0.0924235 -1.3143153 2.1739997 -1.8785338 -9.7574671 63.2969807 30.4000539
0.0827677 -0.0433326 -0.3778215 -0.0969061 -1.3336216 2.3265483 -1.7977595 -6.0099984 61.7387221 35.6725476
0.0852020 -0.0465970 -0.3719745 -0.1011763 -1.3435761 2.4745862 -1.7048553 -2.1087635 59.5841429 40.3295173
0.0876364 -0.0498740 -0.3657735 -0.1052065 -1.3438885 2.6166448 -1.6014077 1.8777942 56.8242115 44.3086947
0.0900707 -0.0531399 -0.3592349 -0.1089730 -1.3344337 2.7512455 -1.4891301 5.8834063 53.4609713 47.5679490
0.0925051 -0.0563710 -0.3523786 -0.1124566 -1.3152440 2.8769296 -1.3698143 9.8459170 49.5101125 50.0840584
0.0949394 -0.0595435 -0.3452280 -0.1156422 -1.2864970 2.9922947 -1.2452865 13.7085910 45.0023374 51.8513872
0.0973737 -0.0626345 -0.3378100 -0.1185195 -1.2485012 3.0960318 -1.1173661 17.4209328 39.9831675 52.8809656
0.0998081 -0.0656220 -0.3301544 -0.1210823 -1.2016800 3.1869602 -0.9878257 20.9388320 34.5120550 53.1996411
0.1022424 -0.0684851 -0.3222937 -0.1233289 -1.1465566 3.2640602 -0.8583537 24.2239259 28.6617077 52.8487393
0.1046768 -0.0712042 -0.3142627 -0.1252614 -1.0837413 3.3265051 -0.7305217 27.2425007 22.5172820 51.8821948
0.1071111 -0.0737615 -0.3060980 -0.1268856 -1.0139214 3.3736898 -0.6057556 29.9644464 16.1742970 50.3646293
0.1095455 -0.0761407 -0.2978373 -0.1282106 -0.9378538 3.4052527 -0.4853121 32.3625095 9.7349017 48.3697503
0.1119798 -0.0783276 -0.2895189 -0.1292484 -0.8563585 3.4210860 -0.3702584 34.4117663 3.3034933 45.9789224
0.1144141 -0.0803101 -0.2811811 -0.1300133 -0.7703136 3.4213364 -0.2614551 36.0893251 -3.0171063 43.2793954
0.1168485 -0.0820780 -0.2728615 -0.1305214 -0.6806508 3.4063967 -0.1595446 37.3746062 -9.1288353 40.3616733
0.1192828 -0.0836239 -0.2645964 -0.1307901 -0.5883484 3.3768909 -0.0649468 38.2505626 -14.9417903 37.3157412
0.1217172 -0.0849425 -0.2564204 -0.1308376 -0.4944208 3.3336498 0.0221341 38.7057285 -20.3782073 34.2263568
0.1241515 -0.0860311 -0.2483659 -0.1306823 -0.3999023 3.2776758 0.1016906 38.7364263 -25.3761672 31.1681981
0.1265859 -0.0868895 -0.2404625 -0.1303425 -0.3058253 3.2101012 0.1738823 38.3483314 -29.8916921 28.2019316
0.1290202 -0.0875201 -0.2327369 -0.1298357 -0.2131963 3.1321425 0.2389970 37.5569637 -33.8986378 25.3720269
0.1314545 -0.0879275 -0.2252130 -0.1291789 -0.1229722 3.0450593 0.2974107 36.3871612 -37.3868865 22.7065427
0.1338889 -0.0881188 -0.2179115 -0.1283877 -0.0360386 2.9501175 0.3495481 34.8719130 -40.3598897 20.2184098
0.1363232 -0.0881030 -0.2108498 -0.1274770 0.0468082 2.8485596 0.3958478 33.0509946 -42.8323704 17.9073318
0.1387576 -0.0878909 -0.2040427 -0.1264605 0.1248763 2.7415801 0.4367333 30.9697125 -44.8283516 15.7615705
0.1411919 -0.0874950 -0.1975020 -0.1253507 0.1975901 2.6303044 0.4725860 28.6778063 -46.3791836 13.7595067
0.1436263 -0.0869289 -0.1912366 -0.1241596 0.2644996 2.5157744 0.5037240 26.2283156 -47.5212852 11.8714938
0.1460606 -0.0862072 -0.1852534 -0.1228982 0.3252875 2.3989382 0.5303846 23.6761233 -48.2937900 10.0627294
0.1484949 -0.0853452 -0.1795569 -0.1215773 0.3797712 2.2806470 0.5527163 21.0759449 -48.7364367 8.2975594
0.1509293 -0.0843582 -0.1741497 -0.1202072 0.4278997 2.1616557 0.5707828 18.4797483 -48.8876368 6.5449465
0.1533636 -0.0832619 -0.1690325 -0.1187983 0.4697433 2.0426284 0.5845816 15.9339213 -48.7823415 4.7840839
0.1557980 -0.0820712 -0.1642048 -0.1173611 0.5054770 1.9241498 0.5940750 13.4767721 -48.4497749 3.0086977
0.1582323 -0.0808008 -0.1596644 -0.1159060 0.5353575 1.8067416 0.5992300 11.1369524 -47.9118751 1.2286799
0.1606667 -0.0794647 -0.1554083 -0.1144436 0.5596993 1.6908819 0.6000571 8.9331567 -47.1833508 -0.5316302
0.1631010 -0.0780758 -0.1514321 -0.1129845 0.5788503 1.5770207 0.5966416 6.8750928 -46.2733318 -2.2380384
0.1655354 -0.0766465 -0.1477303 -0.1115388 0.5931720 1.4655915 0.5891607 4.9653811 -45.1876217 -3.8524198
0.1679697 -0.0751879 -0.1442965 -0.1101160 0.6030251 1.3570163 0.5778854 3.2018148 -43.9305693 -5.3382415
0.1704040 -0.0737105 -0.1411234 -0.1087252 0.6087606 1.2517073 0.5631705 1.5793709 -42.5063853 -6.6646358
0.1728384 -0.0722240 -0.1382024 -0.1073741 0.6107146 1.1500660 0.5454374 0.0915182 -40.9202845 -7.8087563
0.1752727 -0.0707371 -0.1355241 -0.1060696 0.6092062 1.0524793 0.5251521 -1.2692861 -39.1796547 -8.7565469
0.1777071 -0.0692580 -0.1330782 -0.1048173 0.6045349 0.9593126 0.5028045 -2.5115948 -37.2950190 -9.5022652
0.1801414 -0.0677939 -0.1308535 -0.1036216 0.5969780 0.8709015 0.4788886 -3.6449851 -35.2805242 -10.0473654
0.1825758 -0.0663515 -0.1288380 -0.1024858 0.5867886 0.7875427 0.4538870 -4.6798092 -33.1540347 -10.3994569
0.1850101 -0.0649370 -0.1270192 -0.1014118 0.5741935 0.7094849 0.4282569 -5.6266945 -30.9371004 -10.5717426
0.1874444 -0.0635559 -0.1253838 -0.1004007 0.5593939 0.6369197 0.4024165 -6.4958572 -28.6548164 -10.5827523
0.1898788 -0.0622135 -0.1239182 -0.0994526 0.5425672 0.5699736 0.3767328 -7.2962025 -26.3352779 -10.4558121
0.1923131 -0.0609143 -0.1226088 -0.0985665 0.5238710 0.5087015 0.3515104 -8.0342580 -24.0084110 -10.2178119
0.1947475 -0.0596629 -0.1214415 -0.0977412 0.5034509 0.4530841 0.3269854 -8.7132245 -21.7044397 -9.8973632
0.1971818 -0.0584632 -0.1204028 -0.0969746 0.4814491 0.4030293 0.3033233 -9.3324910 -19.4525944 -9.5228533
0.1996162 -0.0573189 -0.1194793 -0.0962644 0.4580139 0.3583755 0.2806217 -9.8877535 -17.2804545 -9.1208037
0.2020505 -0.0562333 -0.1186580 -0.0956083 0.4333087 0.3188962 0.2589169 -10.3716132 -15.2137553 -8.7145423
0.2044848 -0.0552092 -0.1179267 -0.0950038 0.4075178 0.2843045 0.2381933 -10.7744476 -13.2761458 -8.3230179
0.2069192 -0.0542492 -0.1172738 -0.0944486 0.3808513 0.2542588 0.2183948 -11.0854155 -11.4885617 -7.9597206
0.2093535 -0.0533550 -0.1166888 -0.0939405 0.3535464 0.2283703 0.1994399 -11.2935314 -9.8683283 -7.6318199
0.2117879 -0.0525279 -0.1161620 -0.0934776 0.3258666 0.2062130 0.1812378 -11.3887746 -8.4283703 -7.3396598
0.2142222 -0.0517684 -0.1156848 -0.0930581 0.2980980 0.1873352 0.1637054 -11.3632132 -7.1767504 -7.0768240
0.2166566 -0.0510765 -0.1152499 -0.0926806 0.2705427 0.1712717 0.1467830 -11.2121087 -6.1164729 -6.8310262
0.2190909 -0.0504512 -0.1148509 -0.0923435 0.2435098 0.1575560 0.1304473 -10.9348963 -5.2454537 -6.5858125
0.2215253 -0.0498910 -0.1144828 -0.0920455 0.2173041 0.1457332 0.1147187 -10.5359035 -4.5567351 -6.3227849
0.2239596 -0.0493933 -0.1141414 -0.0917850 0.1922137 0.1353707 0.0996636 -10.0247354 -4.0390295 -6.0241046
0.2263939 -0.0489551 -0.1138237 -0.0915602 0.1684968 0.1260684 0.0853892 -9.4162825 -3.6774693 -5.6751512
0.2288283 -0.0485729 -0.1135276 -0.0913692 0.1463688 0.1174663 0.0720331 -8.7302364 -3.4543305 -5.2670657
0.2312626 -0.0482425 -0.1132518 -0.0912095 0.1259920 0.1092504 0.0597456 -7.9900334 -3.3495886 -4.7987352
0.2336970 -0.0479595 -0.1129957 -0.0910783 0.1074678 0.1011582 0.0486695 -7.2213653 -3.3412455 -4.2777726
0.2361313 -0.0477193 -0.1127593 -0.0909726 0.0908334 0.0929829 0.0389184 -6.4505442 -3.4053570 -3.7202096
0.2385657 -0.0475172 -0.1125430 -0.0908889 0.0760622 0.0845785 0.0305570 -3.0339359 -1.7262036 -1.7173885
0.2410000 -0.0473489 -0.1123475 -0.0908238 0.0760622 0.0845785 0.0305570 -3.0339359 -1.7262036 -1.7173885
