0.0000000 0.0007582 -0.4207176 0.0015401 -0.0539016 0.0366468 -0.4258535 -3.4785792 2.2402258 -7.3432718
0.0020101 0.0006617 -0.4206505 0.0007105 -0.0539016 0.0366468 -0.4258535 -3.4785792 2.2402258 -7.3432718
0.0040202 0.0005415 -0.4205702 -0.0001719 -0.0678862 0.0456529 -0.4553749 -8.1068096 5.7757214 -16.3326565
0.0060303 0.0003887 -0.4204670 -0.0011202 -0.0864926 0.0598664 -0.4915140 -10.4559476 8.5200008 -19.6702445
0.0080404 0.0001938 -0.4203296 -0.0021479 -0.1099212 0.0799051 -0.5344532 -12.8743005 11.5546963 -23.0382319
0.0100505 -0.0000532 -0.4201457 -0.0032688 -0.1382499 0.1063186 -0.5841324 -15.2995973 14.8423834 -26.3167523
0.0120606 -0.0003620 -0.4199021 -0.0044962 -0.1714287 0.1395745 -0.6402519 -17.6679220 18.3394477 -29.3894971
0.0140707 -0.0007423 -0.4195846 -0.0058427 -0.2092785 0.1800469 -0.7022841 -19.9158231 21.9969880 -32.1474126
0.0160808 -0.0012033 -0.4191783 -0.0073196 -0.2514943 0.2280068 -0.7694910 -21.9823087 25.7618320 -34.4919016
0.0180909 -0.0017534 -0.4186680 -0.0089362 -0.2976519 0.2836146 -0.8409485 -23.8106565 29.5775496 -36.3376243
0.0201010 -0.0024000 -0.4180381 -0.0107003 -0.3472180 0.3469145 -0.9155756 -25.3499838 33.3854321 -37.6148513
0.0221111 -0.0031493 -0.4172733 -0.0126170 -0.3995639 0.4178308 -0.9921678 -26.5565381 37.1255314 -38.2712037
0.0241212 -0.0040063 -0.4163584 -0.0146890 -0.4539806 0.4961667 -1.0694336 -27.3947204 40.7378798 -38.2726462
0.0261313 -0.0049744 -0.4152786 -0.0169164 -0.5096962 0.5816053 -1.1460316 -27.8378893 44.1639246 -37.6036624
0.0281414 -0.0060554 -0.4140202 -0.0192963 -0.5658946 0.6737145 -1.2206079 -27.8689984 47.3481397 -36.2666159
0.0301515 -0.0072494 -0.4125702 -0.0218235 -0.6217352 0.7719544 -1.2918307 -27.4810866 50.2397209 -34.2804128
0.0321616 -0.0085549 -0.4109168 -0.0244897 -0.6763741 0.8756884 -1.3584221 -26.6775478 52.7942252 -31.6786558
0.0341717 -0.0099685 -0.4090497 -0.0272846 -0.7289844 0.9841978 -1.4191853 -25.4720255 54.9750146 -28.5075250
0.0361818 -0.0114855 -0.4069601 -0.0301952 -0.7787768 1.0966990 -1.4730281 -23.8878242 56.7543620 -24.8236480
0.0381919 -0.0130994 -0.4046408 -0.0332065 -0.8250182 1.2123619 -1.5189814 -21.9568357 58.1140067 -20.6921144
0.0402020 -0.0148023 -0.4020862 -0.0363018 -0.8670477 1.3303291 -1.5562146 -19.7180863 59.0449823 -16.1846641
0.0422121 -0.0165851 -0.3992926 -0.0394628 -0.9042889 1.4497346 -1.5840470 -17.2160561 59.5467004 -11.3780767
0.0442222 -0.0184377 -0.3962579 -0.0426700 -0.9362597 1.5697189 -1.6019567 -14.4988667 59.6254171 -6.3527706
0.0462323 -0.0203490 -0.3929820 -0.0459030 -0.9625773 1.6894408 -1.6095864 -11.6163901 59.2923433 -1.1915620
0.0482424 -0.0223075 -0.3894661 -0.0491408 -0.9829600 1.8080861 -1.6067470 -8.6184063 58.5617869 4.0214617
0.0502525 -0.0243007 -0.3857131 -0.0523624 -0.9972250 1.9248710 -1.5934193 -5.5529776 57.4496380 9.2020269
0.0522626 -0.0263165 -0.3817277 -0.0555467 -1.0052841 2.0390452 -1.5697530 -2.4651579 55.9722985 14.2668002
0.0542727 -0.0283422 -0.3775157 -0.0586731 -1.0071355 2.1498910 -1.5360639 0.6038955 54.1460238 19.1345610
0.0562828 -0.0303654 -0.3730847 -0.0617220 -1.0028563 2.2567232 -1.4928282 3.6174080 51.9865656 23.7274182
0.0582929 -0.0323739 -0.3684433 -0.0646746 -0.9925928 2.3588875 -1.4406749 6.5431185 49.5090397 27.9721376
0.0603030 -0.0343558 -0.3636015 -0.0675138 -0.9765516 2.4557595 -1.3803746 9.3530992 46.7280609 31.8016127
0.0623131 -0.0362998 -0.3585706 -0.0702240 -0.9549914 2.5467437 -1.3128260 12.0233367 43.6581589 35.1564560
0.0643232 -0.0381951 -0.3533631 -0.0727916 -0.9282154 2.6312741 -1.2390385 14.5331663 40.3144140 37.9866606
0.0663333 -0.0400314 -0.3479924 -0.0752052 -0.8965652 2.7088158 -1.1601119 16.8646303 36.7132931 40.2532448
0.0683434 -0.0417994 -0.3424731 -0.0774555 -0.8604162 2.7788690 -1.0772124 19.0018366 32.8736184 41.9297480
0.0703535 -0.0434905 -0.3368207 -0.0795358 -0.8201739 2.8409744 -0.9915459 20.9304208 28.8175047 43.0033739
0.0723636 -0.0450967 -0.3310518 -0.0814417 -0.7762716 2.8947212 -0.9043301 22.6371871 24.5711332 43.4755544
0.0743737 -0.0466112 -0.3251834 -0.0831714 -0.7291679 2.9397553 -0.8167654 24.1099934 20.1652815 43.3618341
0.0763838 -0.0480281 -0.3192334 -0.0847253 -0.6793446 2.9757897 -0.7300068 25.3379330 15.6355212 42.6910888
0.0783939 -0.0493423 -0.3132201 -0.0861061 -0.6273043 3.0026133 -0.6451386 26.3118031 11.0220173 41.5041067
0.0804040 -0.0505500 -0.3071623 -0.0873189 -0.5735658 3.0201004 -0.5631519 27.0247659 6.3688714 39.8516660
0.0824141 -0.0516482 -0.3010787 -0.0883701 -0.5186592 3.0282174 -0.4849268 27.4730377 1.7230688 37.7924180
0.0844242 -0.0526351 -0.2949882 -0.0892684 -0.4631187 3.0270275 -0.4112187 27.6564036 -2.8667791 35.3909007
0.0864343 -0.0535100 -0.2889094 -0.0900233 -0.4074749 3.0166924 -0.3426482 27.5784269 -7.3517630 32.7158842
0.0884444 -0.0542732 -0.2828605 -0.0906459 -0.3522478 2.9974719 -0.2796943 27.2463426 -11.6840070 29.8390361
0.0904545 -0.0549261 -0.2768590 -0.0911477 -0.2979391 2.9697203 -0.2226893 26.6707183 -15.8179082 26.8336794
0.0924646 -0.0554710 -0.2709216 -0.0915411 -0.2450261 2.9338807 -0.1718174 25.8650235 -19.7112890 23.7733599
0.0944747 -0.0559112 -0.2650642 -0.0918385 -0.1939565 2.8904770 -0.1271156 24.8452786 -23.3265638 20.7300603
0.0964848 -0.0562508 -0.2593013 -0.0920522 -0.1451431 2.8401032 -0.0884784 23.6299025 -26.6319296 17.7720284
0.0984949 -0.0564947 -0.2536464 -0.0921942 -0.0989595 2.7834112 -0.0556684 22.2397821 -29.6025153 14.9613181
0.1005051 -0.0566486 -0.2481114 -0.0922760 -0.0557347 2.7210951 -0.0283309 20.6985085 -32.2213676 12.3512782
0.1025152 -0.0567188 -0.2427071 -0.0923081 -0.0157473 2.6538748 -0.0060138 19.0326470 -34.4800758 9.9842816
0.1045253 -0.0567119 -0.2374423 -0.0923001 0.0207804 2.5824783 0.0118079 17.2718773 -36.3788659 7.8900066
0.1065354 -0.0566352 -0.2323250 -0.0922606 0.0536891 2.5076244 0.0257056 15.4488490 -37.9261232 6.0845823
0.1085455 -0.0564961 -0.2273612 -0.0921968 0.0828879 2.4300076 0.0362692 13.5986621 -39.1374426 4.5707985
0.1105556 -0.0563020 -0.2225558 -0.0921148 0.1083585 2.3502840 0.0440812 11.7579379 -40.0344093 3.3393602
0.1125657 -0.0560604 -0.2179126 -0.0920196 0.1301572 2.2690612 0.0496941 9.9635121 -40.6432416 2.3709854
0.1145758 -0.0557787 -0.2134338 -0.0919150 0.1484138 2.1868900 0.0536130 8.2508375 -40.9933036 1.6390719
0.1165859 -0.0554638 -0.2091208 -0.0918040 0.1633272 2.1042598 0.0562835 6.6522519 -41.1155462 1.1125904
0.1185960 -0.0551221 -0.2049742 -0.0916887 0.1751572 2.0215972 0.0580858 5.1952947 -41.0409990 0.7587889
0.1206061 -0.0547596 -0.2009936 -0.0915705 0.1842133 1.9392667 0.0593340 3.9012625 -40.7994141 0.5453679
0.1226162 -0.0543815 -0.1971780 -0.0914502 0.1908411 1.8575753 0.0602783 2.7841667 -40.4181682 0.4420260
0.1246263 -0.0539924 -0.1935258 -0.0913282 0.1954063 1.7767775 0.0611110 1.8502135 -39.9215315 0.4214703
0.1266364 -0.0535960 -0.1900350 -0.0912045 0.1982793 1.6970827 0.0619727 1.0978197 -39.3303434 0.4600292
0.1286465 -0.0531953 -0.1867032 -0.0910791 0.1998197 1.6186616 0.0629604 0.5180683 -38.6620886 0.5379523
0.1306566 -0.0527927 -0.1835276 -0.0909514 0.2003620 1.5416532 0.0641354 0.0955143 -37.9312448 0.6394552
0.1326667 -0.0523898 -0.1805054 -0.0908212 0.2002037 1.4661703 0.0655312 -0.1906994 -37.1496258 0.7525166
0.1346768 -0.0519878 -0.1776333 -0.0906880 0.1995954 1.3923042 0.0671607 -0.3654600 -36.3265298 0.8684048
0.1366869 -0.0515874 -0.1749080 -0.0905512 0.1987345 1.3201303 0.0690223 -0.4561433 -35.4687637 0.9809387
0.1386970 -0.0511888 -0.1723261 -0.0904105 0.1977616 1.2497127 0.0711042 -0.4910250 -34.5807476 1.0855451
0.1407071 -0.0507923 -0.1698840 -0.0902654 0.1967605 1.1811087 0.0733864 -0.4977153 -33.6648337 1.1782015
0.1427172 -0.0503978 -0.1675778 -0.0901155 0.1957607 1.1143732 0.0758408 -0.5016708 -32.7218064 1.2543814
0.1447273 -0.0500053 -0.1654039 -0.0899605 0.1947436 1.0495605 0.0784293 -0.5248850 -31.7514118 1.3082093
0.1467374 -0.0496149 -0.1633584 -0.0898002 0.1936505 0.9867261 0.0811001 -0.5848833 -30.7527952 1.3320616
0.1487475 -0.0492268 -0.1614371 -0.0896344 0.1923923 0.9259280 0.0837844 -0.6940951 -29.7248475 1.3167444
0.1507576 -0.0488415 -0.1596360 -0.0894633 0.1908601 0.8672262 0.0863937 -0.8595910 -28.6665837 1.2522226
0.1527677 -0.0484595 -0.1579507 -0.0892871 0.1889366 0.8106826 0.0888186 -1.0831376 -27.5776602 1.1287859
0.1547778 -0.0480819 -0.1563769 -0.0891063 0.1865057 0.7563585 0.0909316 -1.3615388 -26.4589761 0.9384788
0.1567879 -0.0477097 -0.1549100 -0.0889215 0.1834629 0.7043121 0.0925915 -1.6872639 -25.3131795 0.6765147
0.1587980 -0.0473443 -0.1535454 -0.0887340 0.1797226 0.6545944 0.0936514 -2.0493461 -24.1449368 0.3423600
0.1608081 -0.0469872 -0.1522784 -0.0885450 0.1752241 0.6072446 0.0939679 -2.4344768 -22.9609221 -0.0596950
0.1628182 -0.0466399 -0.1511041 -0.0883563 0.1699355 0.5622868 0.0934114 -2.8281652 -21.7695579 -0.5204708
0.1648283 -0.0463040 -0.1500179 -0.0881695 0.1638543 0.5197266 0.0918755 -3.2158276 -20.5805999 -1.0262436
0.1668384 -0.0459812 -0.1490147 -0.0879869 0.1570072 0.4795487 0.0892857 -3.5836853 -19.4046734 -1.5594139
0.1688485 -0.0456728 -0.1480900 -0.0878106 0.1494472 0.4417159 0.0856063 -3.9193982 -18.2528147 -2.0994323
0.1708586 -0.0453804 -0.1472389 -0.0876427 0.1412504 0.4061687 0.0808455 -4.2124521 -17.1359782 -2.6238961
0.1728687 -0.0451050 -0.1464571 -0.0874856 0.1325123 0.3728258 0.0750577 -4.4543660 -16.0644351 -3.1097293
0.1748788 -0.0448476 -0.1457401 -0.0873410 0.1233430 0.3415864 0.0683438 -4.6387795 -15.0470737 -3.5343951
0.1768889 -0.0446091 -0.1450839 -0.0872108 0.1138634 0.3123335 0.0608487 -4.7614438 -14.0907484 -3.8771145
0.1788990 -0.0443899 -0.1444845 -0.0870964 0.1042010 0.2849387 0.0527570 -4.8201146 -13.1998473 -4.1200280
0.1809091 -0.0441902 -0.1439383 -0.0869987 0.0944856 0.2592675 0.0442854 -4.8143795 -12.3761483 -4.2492416
0.1829192 -0.0440100 -0.1434422 -0.0869183 0.0848462 0.2351841 0.0356742 -4.7454987 -11.6189113 -4.2557628
0.1849293 -0.0438491 -0.1429929 -0.0868553 0.0754077 0.2125571 0.0271764 -4.6163185 -10.9250985 -4.1362977
0.1869394 -0.0437069 -0.1425876 -0.0868091 0.0662877 0.1912630 0.0190454 -4.4312496 -10.2896396 -3.8938195
0.1889495 -0.0435826 -0.1422239 -0.0867787 0.0575932 0.1711907 0.0115224 -4.1962593 -9.7057174 -3.5378157
0.1909596 -0.0434753 -0.1418994 -0.0867628 0.0494179 0.1522441 0.0048227 -3.9188005 -9.1650670 -3.0841633
0.1929697 -0.0433839 -0.1416119 -0.0867593 0.0418389 0.1343452 -0.0008765 -3.6076200 -8.6582285 -2.5546229
0.1949798 -0.0433071 -0.1413593 -0.0867663 0.0349145 0.1174362 -0.0054474 -3.2724414 -8.1746473 -1.9759712
0.1969899 -0.0432436 -0.1411398 -0.0867812 0.0286830 0.1014815 -0.0088203 -1.5500586 -3.9686415 -0.8389977
0.1990000 -0.0431918 -0.1409513 -0.0868017 0.0286830 0.1014815 -0.0088203 -1.5500586 -3.9686415 -0.8389977
