0.0000000 0.0000229 -0.4199130 -0.0000033 -0.0211083 -0.0076615 -0.1968513 0.3155519 -0.4310260 -1.3326646
0.0034747 -0.0000520 -0.4199345 -0.0006820 -0.0211083 -0.0076615 -0.1968513 0.3155519 -0.4310260 -1.3326646
0.0069495 -0.0001238 -0.4199662 -0.0013713 -0.0189154 -0.0106569 -0.2061127 0.9928852 -0.8544648 -4.4021737
0.0104242 -0.0001834 -0.4200086 -0.0021144 -0.0142082 -0.0135996 -0.2274442 1.6820572 -0.7779766 -7.7173623
0.0138990 -0.0002225 -0.4200607 -0.0029519 -0.0072259 -0.0160634 -0.2597444 2.2846103 -0.5567219 -10.6255881
0.0173737 -0.0002337 -0.4201202 -0.0039195 0.0016686 -0.0174685 -0.3012867 2.7730209 -0.1469188 -12.9850219
0.0208485 -0.0002109 -0.4201821 -0.0050457 0.0120452 -0.0170844 -0.3499838 3.1391752 0.4925085 -14.7300938
0.0243232 -0.0001500 -0.4202389 -0.0063517 0.0234843 -0.0140458 -0.4036534 3.3970095 1.3961610 -15.8661004
0.0277980 -0.0000477 -0.4202797 -0.0078509 0.0356527 -0.0073818 -0.4602452 3.5777467 2.5878994 -16.4537426
0.0312727 0.0000978 -0.4202902 -0.0095501 0.0483479 0.0039388 -0.5179986 3.7194625 4.0765772 -16.5871995
0.0347475 0.0002883 -0.4202524 -0.0114507 0.0615011 0.0209483 -0.5755178 3.8554878 5.8527018 -16.3713721
0.0382222 0.0005252 -0.4201447 -0.0135497 0.0751416 0.0446121 -0.6317714 4.0056318 7.8872641 -15.9030253
0.0416970 0.0008105 -0.4199423 -0.0158412 0.0893382 0.0757608 -0.6860358 4.1717984 10.1333236 -15.2579010
0.0451717 0.0011461 -0.4196182 -0.0183173 0.1041334 0.1150336 -0.7378061 4.3375254 12.5295443 -14.4842620
0.0486465 0.0015341 -0.4191429 -0.0209686 0.1194818 0.1628348 -0.7866941 4.4705006 15.0043852 -13.6029291
0.0521212 0.0019764 -0.4184865 -0.0237844 0.1352012 0.2193065 -0.8323396 4.5275924 17.4804600 -12.6132582
0.0555960 0.0024737 -0.4176189 -0.0267529 0.1509463 0.2843152 -0.8743499 4.4620775 19.8792791 -11.5034041
0.0590707 0.0030254 -0.4165107 -0.0298607 0.1662103 0.3574574 -0.9122824 4.2321892 22.1265160 -10.2618697
0.0625455 0.0036288 -0.4151347 -0.0330928 0.1803578 0.4380833 -0.9456647 3.8094114 24.1571550 -8.8862395
0.0660202 0.0042788 -0.4134662 -0.0364326 0.1926838 0.5253375 -0.9740373 3.1845399 25.9187525 -7.3859969
0.0694949 0.0049679 -0.4114839 -0.0398619 0.2024888 0.6182056 -0.9969937 2.3699420 27.3715803 -5.7800100
0.0729697 0.0056860 -0.4091700 -0.0433612 0.2091537 0.7155561 -1.0142054 1.3978792 28.4871872 -4.0922231
0.0764444 0.0064214 -0.4065111 -0.0469101 0.2122033 0.8161771 -1.0254325 0.3161195 29.2484237 -2.3483258
0.0799192 0.0071607 -0.4034980 -0.0504875 0.2113506 0.9188179 -1.0305251 -0.8178851 29.6520013 -0.5734633
0.0833939 0.0078901 -0.4001258 -0.0540717 0.2065195 1.0222436 -1.0294178 -1.9436305 29.7117255 1.2101076
0.0868687 0.0085959 -0.3963939 -0.0576414 0.1978434 1.1252994 -1.0221155 -3.0041986 29.4592813 2.9854920
0.0903434 0.0092651 -0.3923055 -0.0611749 0.1856418 1.2269707 -1.0086702 -3.9511481 28.9399468 4.7425905
0.0938182 0.0098860 -0.3878671 -0.0646511 0.1703849 1.3264174 -0.9891569 -4.7457524 28.2027870 6.4770959
0.0972929 0.0104491 -0.3830876 -0.0680491 0.1526612 1.4229658 -0.9636576 -5.3562289 27.2882972 8.1858810
0.1007677 0.0109469 -0.3779782 -0.0713481 0.1331618 1.5160573 -0.9322691 -5.7529606 26.2185994 9.8584773
0.1042424 0.0113746 -0.3725518 -0.0745279 0.1126810 1.6051718 -0.8951462 -5.9051226 24.9938933 11.4670022
0.1077172 0.0117300 -0.3668231 -0.0775689 0.0921242 1.6897522 -0.8525793 -5.7814750 23.5952105 12.9597228
0.1111919 0.0120148 -0.3608088 -0.0804529 0.0725027 1.7691466 -0.8050827 -5.3557721 21.9910933 14.2628194
0.1146667 0.0122339 -0.3545284 -0.0831638 0.0549043 1.8425792 -0.7534599 -4.6149006 20.1458960 15.2907681
0.1181414 0.0123963 -0.3480039 -0.0856890 0.0404315 1.9091504 -0.6988195 -3.5669811 18.0286413 15.9619163
0.1216162 0.0125149 -0.3412608 -0.0880203 0.0301155 1.9678692 -0.6425326 -2.2474064 15.6223894 16.2148214
0.1250909 0.0126056 -0.3343282 -0.0901543 0.0248131 2.0177182 -0.5861347 -0.7220904 12.9338951 16.0221446
0.1285657 0.0126873 -0.3272386 -0.0920936 0.0250974 2.0577532 -0.5311868 0.9120582 10.0015612 15.4006612
0.1320404 0.0127800 -0.3200278 -0.0938458 0.0311515 2.0872240 -0.4791079 2.5296826 6.8979956 14.4167304
0.1355152 0.0129038 -0.3127335 -0.0954231 0.0426774 2.1056908 -0.4309978 3.9837486 3.7245131 13.1854460
0.1389899 0.0130766 -0.3053943 -0.0968410 0.0588365 2.1131074 -0.3874757 5.1183253 0.5984851 11.8601466
0.1424646 0.0133127 -0.2980485 -0.0981159 0.0782472 2.1098500 -0.3485758 5.7878435 -2.3626885 10.6105013
0.1459394 0.0136204 -0.2907319 -0.0992634 0.0990591 2.0966879 -0.3137381 5.8799669 -5.0569385 9.5927752
0.1494141 0.0140011 -0.2834775 -0.1002962 0.1191100 2.0747068 -0.2819108 5.3363072 -7.4095039 8.9206572
0.1528889 0.0144481 -0.2763138 -0.1012226 0.1361438 2.0451956 -0.2517440 4.1652648 -9.3805306 8.6447905
0.1563636 0.0149472 -0.2692645 -0.1020457 0.1480565 2.0095168 -0.2218339 2.4439993 -10.9687410 8.7451127
0.1598384 0.0154771 -0.2623486 -0.1027642 0.1531283 1.9689684 -0.1909699 0.3096540 -12.2114034 9.1366330
0.1633131 0.0160114 -0.2555811 -0.1033729 0.1502084 1.9246537 -0.1583389 -2.0579234 -13.1788706 9.6874953
0.1667879 0.0165209 -0.2489733 -0.1038646 0.1388268 1.8773819 -0.1236467 -4.4584288 -13.9615279 10.2457613
0.1702626 0.0169762 -0.2425343 -0.1042322 0.1192246 1.8276282 -0.0871360 -6.6939751 -14.6504803 10.6677684
0.1737374 0.0173495 -0.2362722 -0.1044701 0.0923070 1.7755685 -0.0495111 -8.5883230 -15.3180395 10.8397271
0.1772121 0.0176176 -0.2301950 -0.1045762 0.0595401 1.7211755 -0.0118054 -9.9998522 -16.0050671 10.6882044
0.1806869 0.0177633 -0.2243109 -0.1045522 0.0228131 1.6643414 0.0247665 -10.8287292 -16.7182413 10.1812729
0.1841616 0.0177762 -0.2186286 -0.1044041 -0.0157141 1.6049922 0.0589493 -11.0210664 -17.4351242 9.3247282
0.1876364 0.0176541 -0.2131570 -0.1041425 -0.0537777 1.5431761 0.0895687 -10.5720854 -18.1127591 8.1562943
0.1911111 0.0174024 -0.2079043 -0.1037817 -0.0891848 1.4791177 0.1156314 -9.5273736 -18.6967934 6.7391226
0.1945859 0.0170343 -0.2028779 -0.1033389 -0.1199882 1.4132428 0.1364022 -7.9798742 -19.1302915 5.1555308
0.1980606 0.0165686 -0.1980830 -0.1028337 -0.1446409 1.3461718 0.1514598 -6.0616577 -19.3626861 3.5012989
0.2015354 0.0160291 -0.1935227 -0.1022864 -0.1621136 1.2786819 0.1607344 -3.9316068 -19.3588593 1.8798272
0.2050101 0.0154420 -0.1891968 -0.1017167 -0.1719636 1.2116375 0.1645236 -1.7606787 -19.1064512 0.3947764
0.2084848 0.0148340 -0.1851024 -0.1011430 -0.1743494 1.1459017 0.1634779 0.2843553 -18.6185050 -0.8602456
0.2119596 0.0142303 -0.1812334 -0.1005806 -0.1699874 1.0822483 0.1585453 2.0580653 -17.9301438 -1.8147441
0.2154343 0.0136527 -0.1775813 -0.1000412 -0.1600469 1.0212963 0.1508664 3.4524822 -17.0906271 -2.4333754
0.2189091 0.0131181 -0.1741359 -0.0995322 -0.1459944 0.9634771 0.1416346 4.4085228 -16.1538847 -2.7206848
0.2223838 0.0126381 -0.1708856 -0.0990569 -0.1294099 0.9090349 0.1319590 4.9192677 -15.1710777 -2.7143700
0.2258586 0.0122188 -0.1678185 -0.0986151 -0.1118080 0.8580458 0.1227711 5.0242379 -14.1873758 -2.4693213
0.2293333 0.0118611 -0.1649226 -0.0982037 -0.0944940 0.8104398 0.1147984 4.7969043 -13.2422194 -2.0408623
0.2328081 0.0115621 -0.1621864 -0.0978173 -0.0784720 0.7660190 0.1085881 4.3293680 -12.3704473 -1.4762541
0.2362828 0.0113158 -0.1595992 -0.0974491 -0.0644071 0.7244715 0.1045392 3.7179973 -11.6024401 -0.8173490
0.2397576 0.0111145 -0.1571517 -0.0970908 -0.0526337 0.6853879 0.1029080 3.0523032 -10.9630752 -0.1091149
0.2432323 0.0109500 -0.1548361 -0.0967339 -0.0431951 0.6482836 0.1037809 2.4074905 -10.4699411 0.5944075
0.2467071 0.0108143 -0.1526464 -0.0963696 -0.0359029 0.6126271 0.1070388 1.8399637 -10.1312482 1.2316849
0.2501818 0.0107005 -0.1505786 -0.0959900 -0.0304083 0.5778766 0.1123405 1.3850814 -9.9440099 1.7421587
0.2536566 0.0106030 -0.1486305 -0.0955889 -0.0262773 0.5435213 0.1191459 1.0571093 -9.8933581 2.0772786
0.2571313 0.0105179 -0.1468015 -0.0951620 -0.0230619 0.5091227 0.1267766 0.8514577 -9.9535791 2.2093228
0.2606061 0.0104427 -0.1450923 -0.0947079 -0.0203601 0.4743489 0.1344996 0.7486077 -10.0904127 2.1354308
0.2640808 0.0103764 -0.1435050 -0.0942273 -0.0178595 0.4389995 0.1416167 0.7186732 -10.2636854 1.8767088
0.2675556 0.0103186 -0.1420415 -0.0937237 -0.0153657 0.4030215 0.1475418 0.7259337 -10.4301665 1.4731648
0.2710303 0.0102696 -0.1407042 -0.0932020 -0.0128146 0.3665151 0.1518545 0.7331668 -10.5471660 0.9756205
0.2745051 0.0102295 -0.1394944 -0.0926684 -0.0102705 0.3297240 0.1543219 0.7055566 -10.5765904 0.4365759
0.2779798 0.0101982 -0.1384128 -0.0921295 -0.0079113 0.2930131 0.1548885 0.6138662 -10.4881618 -0.0974726
0.2814545 0.0101746 -0.1374581 -0.0915920 -0.0060045 0.2568366 0.1536445 0.4370898 -10.2611085 -0.5906642
0.2849293 0.0101565 -0.1366279 -0.0910618 -0.0048738 0.2217036 0.1507836 0.1651054 -9.8849936 -1.0199461
0.2884040 0.0101407 -0.1359174 -0.0905441 -0.0048571 0.1881409 0.1465564 -0.1989817 -9.3601240 -1.3763982
0.2918788 0.0101227 -0.1353204 -0.0900433 -0.0062566 0.1566554 0.1412184 -0.6380522 -8.6969671 -1.6654263
0.2953535 0.0100972 -0.1348287 -0.0895627 -0.0092912 0.1277014 0.1349825 -1.1225664 -7.9145513 -1.9036855
0.2988283 0.0100582 -0.1344329 -0.0891052 -0.0140579 0.1016533 0.1279887 -1.6142408 -7.0388996 -2.1122909
0.3023030 0.0099995 -0.1341223 -0.0886733 -0.0205094 0.0787846 0.1203031 -2.0710627 -6.1018562 -2.3089950
0.3057778 0.0099156 -0.1338854 -0.0882692 -0.0284507 0.0592485 0.1119424 -2.4528552 -5.1394164 -2.5023917
0.3092525 0.0098018 -0.1337105 -0.0878953 -0.0375555 0.0430682 0.1029128 -2.7261869 -4.1890653 -2.6893541
0.3127273 0.0096546 -0.1335861 -0.0875540 -0.0473963 0.0301366 0.0932527 -2.8673819 -3.2866891 -2.8558022
0.3162020 0.0094724 -0.1335011 -0.0872473 -0.0574823 0.0202274 0.0830664 -2.8635162 -2.4634863 -2.9803010
0.3196768 0.0092552 -0.1334455 -0.0869767 -0.0672963 0.0130166 0.0725411 -2.7123840 -1.7428645 -3.0387502
0.3231515 0.0090047 -0.1334107 -0.0867431 -0.0763320 0.0081153 0.0619486 -2.4220088 -1.1382041 -3.0081979
0.3266263 0.0087247 -0.1333891 -0.0865462 -0.0841281 0.0051067 0.0516357 -2.0092466 -0.6530852 -2.8697013
0.3301010 0.0084201 -0.1333752 -0.0863843 -0.0902953 0.0035767 0.0420056 -1.4971331 -0.2839194 -2.6120399
0.3335758 0.0080972 -0.1333643 -0.0862543 -0.0945324 0.0031336 0.0334833 -0.9114756 -0.0228364 -2.2376219
0.3370505 0.0077631 -0.1333534 -0.0861516 -0.0966296 0.0034180 0.0264553 -0.2775125 0.1407711 -1.7692582
0.3405253 0.0074257 -0.1333405 -0.0860704 -0.0964610 0.0041119 0.0211879 0.0242618 0.0998396 -0.7579591
0.3440000 0.0070928 -0.1333248 -0.0860044 -0.0964610 0.0041119 0.0211879 0.0242618 0.0998396 -0.7579591
