0.0000000 -0.0001786 -0.4198945 -0.0004512 -0.0404365 -0.1553410 -0.2287074 -2.3846185 -0.0167108 -9.0512751
0.0046768 -0.0003367 -0.4206151 -0.0014008 -0.0404365 -0.1553410 -0.2287074 -2.3846185 -0.0167108 -9.0512751
0.0093535 -0.0005568 -0.4213475 -0.0025904 -0.0627411 -0.1554973 -0.3133688 -6.5198043 0.7144423 -24.6719354
0.0140303 -0.0009236 -0.4220696 -0.0043319 -0.1014197 -0.1486584 -0.4594772 -9.6005089 2.7118324 -36.4836920
0.0187071 -0.0015054 -0.4227380 -0.0068881 -0.1525398 -0.1301321 -0.6546203 -11.8025567 5.6611462 -45.3137705
0.0233838 -0.0023504 -0.4232868 -0.0104549 -0.2118153 -0.0957067 -0.8833211 -13.1298789 9.2942904 -50.6567638
0.0280606 -0.0034866 -0.4236332 -0.0151503 -0.2753506 -0.0431976 -1.1284401 -13.7218693 13.0641384 -52.2994105
0.0327374 -0.0049259 -0.4236908 -0.0210098 -0.3401633 0.0264892 -1.3725055 -13.7934439 16.2871181 -50.3129528
0.0374141 -0.0066684 -0.4233854 -0.0279881 -0.4043680 0.1091445 -1.5990441 -13.5597674 18.3395551 -45.0593542
0.0420909 -0.0087081 -0.4226699 -0.0359665 -0.4669951 0.1980288 -1.7939698 -13.1694395 18.8468674 -37.1926396
0.0467677 -0.0110364 -0.4215332 -0.0447680 -0.5275489 0.2854294 -1.9469268 -12.6686703 17.7969482 -27.6162998
0.0514444 -0.0136426 -0.4200002 -0.0541772 -0.5854919 0.3644932 -2.0522798 -12.0059976 15.5349241 -17.3712751
0.0561212 -0.0165128 -0.4181239 -0.0639641 -0.6398474 0.4307358 -2.1094096 -11.0731839 12.6518125 -7.4767626
0.0607980 -0.0196274 -0.4159713 -0.0739076 -0.6890654 0.4828324 -2.1222140 -9.7665393 9.8256007 1.2142435
0.0654747 -0.0229580 -0.4136077 -0.0838143 -0.7311990 0.5226399 -2.0980521 -8.0419121 7.6739997 8.0942597
0.0701515 -0.0264667 -0.4110827 -0.0935318 -0.7642857 0.5546114 -2.0465040 -5.9367655 6.6474921 12.8131914
0.0748283 -0.0301068 -0.4084201 -0.1029564 -0.7867288 0.5848175 -1.9782035 -3.5537757 6.9694421 15.2532408
0.0795051 -0.0338254 -0.4056126 -0.1120350 -0.7975260 0.6198004 -1.9038323 -1.0263159 8.6266971 15.4948597
0.0841818 -0.0375665 -0.4026228 -0.1207639 -0.7963285 0.6655076 -1.8332718 1.5083253 11.4087583 13.7888707
0.0888586 -0.0412739 -0.3993878 -0.1291826 -0.7834179 0.7265126 -1.7748576 3.9187905 14.9773604 10.5446588
0.0935354 -0.0448942 -0.3958273 -0.1373651 -0.7596739 0.8055989 -1.7346419 6.0805024 18.9380429 6.3331733
0.0982121 -0.0483795 -0.3918526 -0.1454076 -0.7265437 0.9036502 -1.7156201 7.8778236 22.8953671 1.8786554
0.1028889 -0.0516900 -0.3873750 -0.1534122 -0.6859884 1.0197515 -1.7170699 9.2119593 26.4916299 -1.9994852
0.1075657 -0.0547960 -0.3823143 -0.1614683 -0.6403793 1.1514406 -1.7343223 10.0162704 29.4342555 -4.5096095
0.1122424 -0.0576798 -0.3766050 -0.1696343 -0.5923009 1.2950658 -1.7592507 10.2788425 31.5105519 -5.0471694
0.1169192 -0.0603361 -0.3702009 -0.1779235 -0.5442358 1.4461757 -1.7815312 10.0645079 32.5880082 -3.3347556
0.1215960 -0.0627703 -0.3630781 -0.1862979 -0.4981622 1.5998789 -1.7904424 9.5206793 32.6074961 0.5083957
0.1262727 -0.0649956 -0.3552363 -0.1946705 -0.4551837 1.7511711 -1.7767759 8.8559482 31.5788521 5.9938866
0.1309495 -0.0670279 -0.3466985 -0.2029170 -0.4153277 1.8952528 -1.7343784 8.2965913 29.5761338 12.3844239
0.1356263 -0.0688804 -0.3375090 -0.2108931 -0.3775813 2.0278125 -1.6609377 8.0372820 26.7232634 18.8704147
0.1403030 -0.0705596 -0.3277312 -0.2184527 -0.3401507 2.1452098 -1.5578733 8.1990025 23.1744146 24.7421957
0.1449798 -0.0720620 -0.3174437 -0.2254647 -0.3008916 2.2445752 -1.4295107 8.8005602 19.1053654 29.5024351
0.1496566 -0.0733740 -0.3067365 -0.2318236 -0.2578344 2.3239125 -1.2819212 9.7517466 14.7172329 32.9000057
0.1543333 -0.0744737 -0.2957069 -0.2374552 -0.2096783 2.3822333 -1.1217794 10.8773128 10.2321551 34.9043987
0.1590101 -0.0753352 -0.2844542 -0.2423162 -0.1560931 2.4196194 -0.9554417 11.9681203 5.8677876 35.6521643
0.1636869 -0.0759337 -0.2730749 -0.2463919 -0.0977341 2.4371179 -0.7883056 12.8373002 1.8044638 35.3861507
0.1683636 -0.0762494 -0.2616586 -0.2496897 -0.0360189 2.4364975 -0.6244561 13.3572436 -1.8357539 34.3922259
0.1730404 -0.0762706 -0.2502851 -0.2522328 0.0272034 2.4199471 -0.4666167 13.4713969 -4.9971799 32.9338450
0.1777172 -0.0759950 -0.2390235 -0.2540542 0.0899863 2.3897562 -0.3164082 13.1908649 -7.6905876 31.1962841
0.1823939 -0.0754289 -0.2279324 -0.2551923 0.1505846 2.3480129 -0.1748212 12.5827472 -9.9782409 29.2635591
0.1870707 -0.0745865 -0.2170613 -0.2556894 0.2076794 2.2964244 -0.0426905 11.7463631 -11.9382594 27.1412293
0.1917475 -0.0734864 -0.2064527 -0.2555916 0.2604546 2.2363480 0.0790453 10.7761522 -13.6249717 24.8090500
0.1964242 -0.0721503 -0.1961435 -0.2549501 0.3084746 2.1689827 0.1893619 9.7255044 -15.0556353 22.2673383
0.2011010 -0.0706011 -0.1861651 -0.2538204 0.3514225 2.0955246 0.2873236 8.5921554 -16.2338668 19.5534290
0.2057778 -0.0688632 -0.1765430 -0.2522626 0.3888416 2.0171387 0.3722556 7.3304145 -17.1820946 16.7357009
0.2104545 -0.0669640 -0.1672977 -0.2503385 0.4199878 1.9348113 0.4438616 5.8745740 -17.9461002 13.9059965
0.2151313 -0.0649349 -0.1584456 -0.2481109 0.4437896 1.8492792 0.5023258 4.1569595 -18.5703299 11.1750942
0.2198081 -0.0628130 -0.1500004 -0.2456400 0.4588700 1.7611130 0.5483882 2.1232939 -19.0770612 8.6572678
0.2244848 -0.0606428 -0.1419730 -0.2429815 0.4636499 1.6708412 0.5833018 -0.2400067 -19.4716632 6.4365838
0.2291616 -0.0584763 -0.1343721 -0.2401841 0.4566251 1.5789841 0.6085931 -2.8662168 -19.7615350 4.5311398
0.2338384 -0.0563718 -0.1272039 -0.2372890 0.4368407 1.4860010 0.6256840 -5.5803893 -19.9652246 2.8822573
0.2385152 -0.0543903 -0.1204727 -0.2343317 0.4044287 1.3922387 0.6355524 -8.1110352 -20.1056674 1.3814206
0.2431919 -0.0525889 -0.1141816 -0.2313444 0.3609738 1.2979419 0.6386052 -10.1462856 -20.1970702 -0.0776322
0.2478687 -0.0510139 -0.1083324 -0.2283585 0.3095251 1.2033247 0.6348262 -11.4121580 -20.2334183 -1.5499260
0.2525455 -0.0496938 -0.1029262 -0.2254065 0.2542298 1.1086879 0.6241079 -11.7412805 -20.1811156 -3.0172868
0.2572222 -0.0486359 -0.0979622 -0.2225209 0.1997026 1.0145599 0.6066039 -11.1104151 -19.9806016 -4.3994157
0.2618990 -0.0478258 -0.0934365 -0.2197326 0.1503081 0.9217987 0.5829578 -9.6407928 -19.5625475 -5.5871544
0.2665758 -0.0472300 -0.0893402 -0.2170682 0.1095271 0.8315809 0.5543443 -7.5658926 -18.8738834 -6.4803274
0.2712525 -0.0468014 -0.0856583 -0.2145475 0.0795403 0.7452611 0.5223438 -5.1768200 -17.8987932 -7.0162520
0.2759293 -0.0464860 -0.0823693 -0.2121824 0.0611056 0.6641639 0.4887175 -2.7596628 -16.6638981 -7.1833380
0.2806061 -0.0462298 -0.0794460 -0.2099763 0.0537277 0.5893948 0.4551542 -0.5420735 -15.2292197 -7.0198901
0.2852828 -0.0459835 -0.0768564 -0.2079251 0.0560352 0.5217169 0.4230567 1.3355714 -13.6730133 -6.6005699
0.2899596 -0.0457057 -0.0745661 -0.2060192 0.0662200 0.4615037 0.3934156 2.8180615 -12.0763910 -6.0150892
0.2946364 -0.0453641 -0.0725397 -0.2042453 0.0823941 0.4087599 0.3667944 3.9089411 -10.5098444 -5.3454692
0.2993131 -0.0449350 -0.0707427 -0.2025884 0.1027824 0.3631995 0.3434165 4.6354280 -9.0235472 -4.6496564
0.3039899 -0.0444027 -0.0691425 -0.2010331 0.1257517 0.3243579 0.3233036 5.0201587 -7.6447531 -3.9591313
0.3086667 -0.0437588 -0.0677089 -0.1995644 0.1497387 0.2916941 0.3063847 5.0691820 -6.3834908 -3.2904542
0.3133434 -0.0430021 -0.0664142 -0.1981673 0.1731665 0.2646497 0.2925263 4.7783622 -5.2424260 -2.6598151
0.3180202 -0.0421391 -0.0652334 -0.1968282 0.1944332 0.2426589 0.2815060 4.1525524 -4.2246228 -2.0904842
0.3226970 -0.0411835 -0.0641444 -0.1955343 0.2120075 0.2251345 0.2729728 3.2251848 -3.3361948 -1.6136507
0.3273737 -0.0401561 -0.0631276 -0.1942749 0.2246001 0.2114536 0.2664126 2.0663770 -2.5852079 -1.2669486
0.3320505 -0.0390827 -0.0621666 -0.1930424 0.2313355 0.2009537 0.2611224 0.7768700 -1.9804145 -1.0905868
0.3367273 -0.0379923 -0.0612480 -0.1918325 0.2318666 0.1929298 0.2562118 -0.5260902 -1.5318978 -1.1187085
0.3414040 -0.0369139 -0.0603620 -0.1906459 0.2264147 0.1866250 0.2506585 -1.7245300 -1.2511499 -1.3655865
0.3460808 -0.0358745 -0.0595024 -0.1894880 0.2157361 0.1812271 0.2434387 -2.7147724 -1.1464669 -1.8103225
0.3507576 -0.0348960 -0.0586669 -0.1883689 0.2010220 0.1759015 0.2337256 -3.4203776 -1.2142175 -2.3879142
0.3554343 -0.0339942 -0.0578571 -0.1873018 0.1837435 0.1698699 0.2211033 -3.8010213 -1.4316346 -2.9940125
0.3601111 -0.0331774 -0.0570780 -0.1863008 0.1654690 0.1625106 0.2057210 -3.8573271 -1.7557867 -3.5041866
0.3647879 -0.0324465 -0.0563371 -0.1853776 0.1476639 0.1534471 0.1883268 -3.6341966 -2.1281257 -3.8017399
0.3694646 -0.0317962 -0.0556427 -0.1845393 0.1314764 0.1426051 0.1701613 -3.2218923 -2.4816113 -3.8046162
0.3741414 -0.0312167 -0.0550032 -0.1837860 0.1175278 0.1302352 0.1527402 -2.7471801 -2.7498647 -3.4821084
0.3788182 -0.0306969 -0.0544246 -0.1831106 0.1057805 0.1168842 0.1375913 -2.3478984 -2.8790541 -2.8573659
0.3834949 -0.0302273 -0.0539099 -0.1824990 0.0955666 0.1033059 0.1260137 -2.1365685 -2.8399531 -1.9992488
0.3881717 -0.0298030 -0.0534583 -0.1819319 0.0857961 0.0903206 0.1188912 -2.1694466 -2.6346689 -1.0098093
0.3928485 -0.0294248 -0.0530651 -0.1813870 0.0752746 0.0786624 0.1165684 -2.4347743 -2.2946876 -0.0109811
0.3975253 -0.0290989 -0.0527225 -0.1808416 0.0630223 0.0688571 0.1187885 -2.8611587 -1.8721679 0.8687671
0.4022020 -0.0288353 -0.0524210 -0.1802759 0.0485127 0.0611510 0.1246944 -3.3379290 -1.4288065 1.5075599
0.4068788 -0.0286452 -0.0521506 -0.1796753 0.0318009 0.0554927 0.1328895 -3.7407634 -1.0245048 1.8021126
0.4115556 -0.0285379 -0.0519020 -0.1790329 0.0135233 0.0515683 0.1415506 -3.9591322 -0.7068699 1.6788019
0.4162323 -0.0285187 -0.0516682 -0.1783513 -0.0052310 0.0488810 0.1485923 -3.9198073 -0.5042765 1.1069488
0.4209091 -0.0285868 -0.0514448 -0.1776430 -0.0231407 0.0468515 0.1519044 -3.5996964 -0.4245406 0.1160931
0.4255859 -0.0287351 -0.0512300 -0.1769304 -0.0389009 0.0449101 0.1496781 -3.0267561 -0.4568492 -1.1880360
0.4302626 -0.0289507 -0.0510247 -0.1762430 -0.0514516 0.0425784 0.1407921 -2.2729957 -0.5726035 -2.6187861
0.4349394 -0.0292164 -0.0508317 -0.1756135 -0.0601614 0.0395542 0.1251832 -1.4429395 -0.7249598 -3.9239074
0.4396162 -0.0295134 -0.0506547 -0.1750721 -0.0649482 0.0357974 0.1040897 -0.6571575 -0.8526932 -4.8265174
0.4442929 -0.0298239 -0.0504969 -0.1746399 -0.0663082 0.0315785 0.0800382 -0.0293713 -0.8934765 -5.0898134
0.4489697 -0.0301336 -0.0503594 -0.1743235 -0.0652229 0.0274403 0.0564820 0.3604867 -0.8036463 -4.5892771
0.4536465 -0.0304339 -0.0502402 -0.1741116 -0.0629364 0.0240616 0.0371123 0.4901496 -0.5755643 -3.3651725
0.4583232 -0.0307223 -0.0501343 -0.1739763 -0.0606383 0.0220567 0.0250057 0.2456912 -0.2143433 -1.2943310
0.4630000 -0.0310011 -0.0500339 -0.1738777 -0.0606383 0.0220567 0.0250057 0.2456912 -0.2143433 -1.2943310
