0.0000000 0.0000056 -0.4199426 0.0002363 -0.1597179 -0.0935287 -0.1162544 0.4198951 -0.2517850 -0.8697429
0.0029798 -0.0004737 -0.4202168 -0.0001100 -0.1597179 -0.0935287 -0.1162544 0.4198951 -0.2517850 -0.8697429
0.0059596 -0.0009463 -0.4205000 -0.0004566 -0.1572155 -0.0950293 -0.1214377 0.9130245 0.0779256 -3.5201087
0.0089394 -0.0014106 -0.4207831 -0.0008337 -0.1542766 -0.0930643 -0.1372328 1.0382614 1.3651345 -7.1813665
0.0119192 -0.0018657 -0.4210546 -0.0012744 -0.1510279 -0.0868936 -0.1642357 1.1145176 2.9018922 -10.9765620
0.0148990 -0.0023107 -0.4213010 -0.0018125 -0.1476345 -0.0757702 -0.2026487 1.1232073 4.6802876 -14.7768936
0.0178788 -0.0027455 -0.4215062 -0.0024821 -0.1443340 -0.0590010 -0.2523000 1.0383890 6.6746124 -18.4605831
0.0208586 -0.0031709 -0.4216526 -0.0033161 -0.1414462 -0.0359922 -0.3126663 0.8336102 8.8472342 -21.9130929
0.0238384 -0.0035885 -0.4217207 -0.0043455 -0.1393660 -0.0062750 -0.3828932 0.4869170 11.1548974 -25.0271035
0.0268182 -0.0040014 -0.4216900 -0.0055980 -0.1385443 0.0304865 -0.4618177 -0.0160916 13.5535598 -27.7027731
0.0297980 -0.0044142 -0.4215390 -0.0070977 -0.1394619 0.0744987 -0.5479905 -0.6804935 16.0012653 -29.8484129
0.0327778 -0.0048326 -0.4212460 -0.0088638 -0.1425998 0.1258475 -0.6397022 -1.5013540 18.4590346 -31.3819240
0.0357576 -0.0052640 -0.4207890 -0.0109101 -0.1484094 0.1845071 -0.7350141 -2.4640497 20.8899617 -32.2334676
0.0387374 -0.0057170 -0.4201464 -0.0132442 -0.1572845 0.2503433 -0.8318006 -3.5450387 23.2574569 -32.3494998
0.0417172 -0.0062014 -0.4192971 -0.0158673 -0.1695364 0.3231121 -0.9278041 -4.7122635 25.5241687 -31.6979181
0.0446970 -0.0067274 -0.4182208 -0.0187735 -0.1853677 0.4024570 -1.0207074 -5.9250915 27.6525879 -30.2735266
0.0476768 -0.0073061 -0.4168986 -0.0219503 -0.2048475 0.4879104 -1.1082221 -7.1349238 29.6072470 -28.1020969
0.0506566 -0.0079482 -0.4153130 -0.0253781 -0.2278890 0.5789042 -1.1881845 -8.2879166 31.3577134 -25.2410552
0.0536364 -0.0086642 -0.4134485 -0.0290314 -0.2542402 0.6747897 -1.2586486 -9.3299904 32.8812292 -21.7760819
0.0566162 -0.0094634 -0.4112916 -0.0328791 -0.2834920 0.7748631 -1.3179612 -10.2126773 34.1638293 -17.8145895
0.0595960 -0.0103537 -0.4088307 -0.0368859 -0.3151036 0.8783923 -1.3648163 -10.8978753 35.1993012 -13.4778789
0.0625758 -0.0113413 -0.4060567 -0.0410129 -0.3484389 0.9846367 -1.3982839 -11.3602928 35.9862052 -8.8937055
0.0655556 -0.0124302 -0.4029626 -0.0452191 -0.3828063 1.0928556 -1.4178192 -11.5874271 36.5240262 -4.1902865
0.0685354 -0.0136226 -0.3995437 -0.0494625 -0.4174953 1.2023051 -1.4232563 -11.5777749 36.8099834 0.5082575
0.0715152 -0.0149184 -0.3957974 -0.0537011 -0.4518052 1.3122282 -1.4147902 -11.3384128 36.8375658 5.0856802
0.0744949 -0.0163152 -0.3917234 -0.0578941 -0.4850676 1.4218421 -1.3929477 -10.8829341 36.5967998 9.4370751
0.0774747 -0.0178092 -0.3873238 -0.0620026 -0.5166631 1.5303303 -1.3585490 -10.2301060 36.0756329 13.4718924
0.0804545 -0.0193943 -0.3826032 -0.0659905 -0.5460349 1.6368383 -1.3126607 -9.4029514 35.2618760 17.1159313
0.0834343 -0.0210633 -0.3775689 -0.0698255 -0.5727009 1.7404769 -1.2565450 -8.4276314 34.1452810 20.3116777
0.0864141 -0.0228074 -0.3722307 -0.0734790 -0.5962602 1.8403304 -1.1916113 -7.3316682 32.7193163 23.0168742
0.0893939 -0.0246168 -0.3666013 -0.0769270 -0.6163947 1.9354708 -1.1193737 -6.1415959 30.9822969 25.2021909
0.0923737 -0.0264809 -0.3606961 -0.0801500 -0.6328616 2.0249724 -1.0414164 -4.8807473 28.9378346 26.8495218
0.0953535 -0.0283884 -0.3545332 -0.0831334 -0.6454819 2.1079286 -0.9593614 -3.5681285 26.5949159 27.9519594
0.0983333 -0.0303277 -0.3481337 -0.0858674 -0.6541263 2.1834673 -0.8748340 -2.2188936 23.9680932 28.5152085
0.1013131 -0.0322867 -0.3415207 -0.0883471 -0.6587057 2.2507687 -0.7894223 -0.8460479 21.0782134 28.5592203
0.1042929 -0.0342533 -0.3347200 -0.0905721 -0.6591684 2.3090850 -0.7046326 0.5377285 17.9537053 28.1186851
0.1072727 -0.0362151 -0.3277594 -0.0925464 -0.6555010 2.3577655 -0.6218463 1.9193034 14.6317997 27.2415129
0.1102525 -0.0381598 -0.3206687 -0.0942780 -0.6477301 2.3962846 -0.5422842 3.2857781 11.1587499 25.9853195
0.1132323 -0.0400753 -0.3134786 -0.0957782 -0.6359191 2.4242672 -0.4669843 4.6259018 7.5885680 24.4129648
0.1162121 -0.0419496 -0.3062210 -0.0970611 -0.6201616 2.4415094 -0.3967928 5.9308217 3.9804840 22.5888575
0.1191919 -0.0437712 -0.2989282 -0.0981429 -0.6005738 2.4479893 -0.3323638 7.1932836 0.3955828 20.5773953
0.1221717 -0.0455288 -0.2916320 -0.0990418 -0.5772925 2.4438669 -0.2741598 8.4056632 -3.1069252 18.4433689
0.1251515 -0.0472116 -0.2843637 -0.0997768 -0.5504794 2.4294732 -0.2224488 9.5582118 -6.4732110 16.2524759
0.1281313 -0.0488094 -0.2771533 -0.1003675 -0.5203294 2.4052892 -0.1773017 10.6388445 -9.6574798 14.0700544
0.1311111 -0.0503126 -0.2700291 -0.1008335 -0.4870762 2.3719186 -0.1385970 11.6345951 -12.6232625 11.9580645
0.1340909 -0.0517122 -0.2630176 -0.1011935 -0.4509919 2.3300596 -0.1060364 12.5333722 -15.3430013 9.9723897
0.1370707 -0.0530003 -0.2561429 -0.1014654 -0.4123824 2.2804805 -0.0791656 13.3243016 -17.7960478 8.1625792
0.1400505 -0.0541698 -0.2494269 -0.1016653 -0.3715845 2.2240024 -0.0573908 13.9962426 -19.9660988 6.5739901
0.1430303 -0.0552148 -0.2428888 -0.1018074 -0.3289704 2.1614906 -0.0399872 14.5358725 -21.8397084 5.2497180
0.1460101 -0.0561304 -0.2365453 -0.1019036 -0.2849566 2.0938465 -0.0261046 14.9274174 -23.4070246 4.2289938
0.1489899 -0.0569130 -0.2304103 -0.1019630 -0.2400091 2.0219942 -0.0147841 15.1550810 -24.6643288 3.5407735
0.1519697 -0.0575607 -0.2244950 -0.1019917 -0.1946384 1.9468571 -0.0050030 15.2073026 -25.6164820 3.1948713
0.1549495 -0.0580730 -0.2188078 -0.1019928 -0.1493797 1.8693303 0.0042560 15.0806280 -26.2773699 3.1755105
0.1579293 -0.0584510 -0.2133545 -0.1019663 -0.1047640 1.7902546 0.0139218 14.7811097 -26.6678374 3.4414618
0.1609091 -0.0586974 -0.2081386 -0.1019098 -0.0612902 1.7104008 0.0247657 14.3225213 -26.8120606 3.9332952
0.1638889 -0.0588162 -0.2031612 -0.1018187 -0.0194075 1.6304656 0.0373626 13.7223651 -26.7339982 4.5841779
0.1668687 -0.0588130 -0.1984217 -0.1016872 0.0204895 1.5510769 0.0520856 12.9977517 -26.4554774 5.3288802
0.1698485 -0.0586941 -0.1939175 -0.1015083 0.0580538 1.4728016 0.0691206 12.1631887 -25.9965945 6.1073904
0.1728283 -0.0584670 -0.1896444 -0.1012752 0.0929772 1.3961477 0.0884831 11.2311468 -25.3778058 6.8633753
0.1758081 -0.0581400 -0.1855970 -0.1009810 0.1249869 1.3215601 0.1100236 10.2146922 -24.6222840 7.5407726
0.1787879 -0.0577222 -0.1817684 -0.1006195 0.1538526 1.2494089 0.1334231 9.1303802 -23.7571606 8.0822655
0.1817677 -0.0572231 -0.1781510 -0.1001859 0.1794003 1.1799770 0.1581906 7.9995944 -22.8128644 8.4316739
0.1847475 -0.0566530 -0.1747362 -0.0996768 0.2015270 1.1134534 0.1836725 6.8475559 -21.8207369 8.5399467
0.1877273 -0.0560221 -0.1715153 -0.0990913 0.2202090 1.0499343 0.2090852 5.7006175 -20.8100404 8.3726760
0.1907071 -0.0553407 -0.1684791 -0.0984307 0.2355004 0.9894340 0.2335702 4.5832344 -19.8055185 7.9163842
0.1936869 -0.0546186 -0.1656186 -0.0976993 0.2475232 0.9319014 0.2562637 3.5158526 -18.8259160 7.1814202
0.1966667 -0.0538655 -0.1629253 -0.0969035 0.2564534 0.8772391 0.2763686 2.5143588 -17.8834011 6.2007875
0.1996465 -0.0530903 -0.1603907 -0.0960522 0.2625078 0.8253235 0.2932179 1.5910247 -16.9838664 5.0255945
0.2026263 -0.0523011 -0.1580067 -0.0951560 0.2659353 0.7760222 0.3063191 0.7561612 -16.1279915 3.7183711
0.2056061 -0.0515054 -0.1557659 -0.0942267 0.2670142 0.7292072 0.3153779 0.0193679 -15.3127944 2.3456922
0.2085859 -0.0507098 -0.1536609 -0.0932765 0.2660507 0.6847641 0.3202985 -0.6103085 -14.5333942 0.9717120
0.2115657 -0.0499198 -0.1516850 -0.0923178 0.2633770 0.6425941 0.3211689 -1.1252406 -13.7846156 -0.3462185
0.2145455 -0.0491402 -0.1498313 -0.0913625 0.2593447 0.6026133 0.3182352 -1.5206934 -13.0619872 -1.5598034
0.2175253 -0.0483742 -0.1480936 -0.0904213 0.2543143 0.5647499 0.3118731 -1.7965192 -12.3619680 -2.6307096
0.2205051 -0.0476245 -0.1464657 -0.0895038 0.2486382 0.5289410 0.3025572 -1.9586651 -11.6816916 -3.5308818
0.2234848 -0.0468925 -0.1449414 -0.0886182 0.2426414 0.4951317 0.2908304 -2.0200046 -11.0187562 -4.2425934
0.2264646 -0.0461785 -0.1435149 -0.0877706 0.2365998 0.4632737 0.2772731 -2.0001821 -10.3714573 -4.7582225
0.2294444 -0.0454824 -0.1421804 -0.0869657 0.2307211 0.4333220 0.2624734 -1.9245156 -9.7393651 -5.0796198
0.2324242 -0.0448035 -0.1409324 -0.0862064 0.2251305 0.4052310 0.2470006 -1.8222660 -9.1236878 -5.2170400
0.2354040 -0.0441407 -0.1397654 -0.0854937 0.2198612 0.3789486 0.2313819 -1.7245159 -8.5270248 -5.1877771
0.2383838 -0.0434932 -0.1386741 -0.0848274 0.2148530 0.3544134 0.2160835 -1.6616202 -7.9527856 -5.0147272
0.2413636 -0.0428603 -0.1376533 -0.0842059 0.2099586 0.3315532 0.2014962 -1.6601718 -7.4048364 -4.7251515
0.2443434 -0.0422419 -0.1366981 -0.0836266 0.2049591 0.3102835 0.1879235 -1.7398607 -6.8874404 -4.3498363
0.2473232 -0.0416388 -0.1358041 -0.0830860 0.1995897 0.2905068 0.1755729 -1.9109921 -6.4050151 -3.9224982
0.2503030 -0.0410525 -0.1349668 -0.0825802 0.1935703 0.2721122 0.1645470 -2.1732547 -5.9613805 -3.4788214
0.2532828 -0.0404852 -0.1341824 -0.0821054 0.1866380 0.2549794 0.1548405 -2.5157842 -5.5587731 -3.0544057
0.2562626 -0.0399402 -0.1334473 -0.0816575 0.1785773 0.2389842 0.1463440 -2.9182219 -5.1971332 -2.6815037
0.2592424 -0.0394210 -0.1327582 -0.0812332 0.1692466 0.2240066 0.1388598 -3.3525320 -4.8738304 -2.3852632
0.2622222 -0.0389315 -0.1321123 -0.0808299 0.1585976 0.2099381 0.1321288 -3.7854549 -4.5837638 -2.1804848
0.2652020 -0.0384758 -0.1315070 -0.0804458 0.1466868 0.1966892 0.1258650 -4.1813295 -4.3200306 -2.0696673
0.2681818 -0.0380574 -0.1309401 -0.0800798 0.1336785 0.1841925 0.1197944 -4.5049438 -4.0753749 -2.0428518
0.2711616 -0.0376791 -0.1304093 -0.0797318 0.1198391 0.1724016 0.1136905 -4.7243370 -3.8441118 -2.0795825
0.2741414 -0.0373432 -0.1299126 -0.0794023 0.1055234 0.1612831 0.1074009 -4.8136929 -3.6239575 -2.1528861
0.2771212 -0.0370503 -0.1294481 -0.0790918 0.0911515 0.1508043 0.1008601 -4.7562933 -3.4174153 -2.2345164
0.2801010 -0.0367999 -0.1290139 -0.0788012 0.0771778 0.1409167 0.0940841 -4.5472039 -3.2323388 -2.3002265
0.2830808 -0.0365903 -0.1286083 -0.0785311 0.0640520 0.1315408 0.0871517 -4.1952367 -3.0810784 -2.3338457
0.2860606 -0.0364182 -0.1282300 -0.0782818 0.0521759 0.1225548 0.0801754 -3.7237055 -2.9780133 -2.3294521
0.2890404 -0.0362794 -0.1278779 -0.0780533 0.0418602 0.1137931 0.0732691 -3.1695298 -2.9360479 -2.2916571
0.2920202 -0.0361687 -0.1275518 -0.0778451 0.0332868 0.1050571 0.0665180 -1.4385945 -1.4658714 -1.1328133
0.2950000 -0.0360810 -0.1272518 -0.0776568 0.0332868 0.1050571 0.0665180 -1.4385945 -1.4658714 -1.1328133
