0.0000000 -0.0000724 -0.4199404 0.0003951 0.0419721 -0.1118755 -0.2420967 0.4916841 -1.2095314 -3.4784753
0.0032727 0.0000568 -0.4202902 -0.0003836 0.0419721 -0.1118755 -0.2420967 0.4916841 -1.2095314 -3.4784753
0.0065455 0.0002024 -0.4206727 -0.0011895 0.0451904 -0.1197924 -0.2648649 0.3715162 -1.6118976 -11.4055204
0.0098182 0.0003526 -0.4210743 -0.0021173 0.0444039 -0.1224261 -0.3167511 -0.9898984 0.3754879 -20.2511433
0.0130909 0.0004930 -0.4214740 -0.0032628 0.0387111 -0.1173347 -0.3974179 -2.6360286 3.1407254 -28.7695273
0.0163636 0.0006060 -0.4218423 -0.0047186 0.0271499 -0.1018686 -0.5050607 -4.5809797 6.7146272 -36.5357956
0.0196364 0.0006707 -0.4221408 -0.0065687 0.0087265 -0.0733844 -0.6365613 -6.8246804 11.0558135 -43.1754995
0.0229091 0.0006631 -0.4223227 -0.0088851 -0.0175208 -0.0295033 -0.7876640 -9.3424882 16.0407423 -48.3692796
0.0261818 0.0005560 -0.4223339 -0.0117243 -0.0524243 0.0316096 -0.9531602 -12.0772050 21.4627075 -51.8565582
0.0294545 0.0003200 -0.4221158 -0.0151240 -0.0965716 0.1109799 -1.1270887 -14.9368961 27.0426880 -53.4437256
0.0327273 -0.0000761 -0.4216075 -0.0191016 -0.1501931 0.2086162 -1.3029737 -17.7986002 32.4538151 -53.0186153
0.0360000 -0.0006631 -0.4207503 -0.0236526 -0.2130715 0.3234049 -1.4741196 -20.5158978 37.3582498 -50.5675414
0.0392727 -0.0014707 -0.4194907 -0.0287504 -0.2844790 0.4531430 -1.6339612 -22.9293527 41.4511010 -46.1878791
0.0425455 -0.0025252 -0.4177842 -0.0343476 -0.3631545 0.5947212 -1.7764403 -24.8799309 44.5027233 -40.0897507
0.0458182 -0.0038477 -0.4155980 -0.0403780 -0.4473294 0.7444335 -1.8963669 -26.2240594 46.3899404 -32.5833745
0.0490909 -0.0054531 -0.4129116 -0.0467602 -0.5348029 0.8983644 -1.9897133 -26.8472654 47.1088159 -24.0524204
0.0523636 -0.0073483 -0.4097178 -0.0534016 -0.6230570 1.0527821 -2.0538009 -26.6740955 46.7659478 -14.9175892
0.0556364 -0.0095313 -0.4060207 -0.0602032 -0.7093970 1.2044688 -2.0873557 -25.6741160 45.5508690 -5.5973126
0.0589091 -0.0119916 -0.4018340 -0.0670643 -0.7911058 1.3509333 -2.0904378 -23.8646270 43.6973597 3.5270117
0.0621818 -0.0147095 -0.3971782 -0.0738861 -0.8656018 1.4904879 -2.0642698 -21.3100470 41.4437356 12.1349586
0.0654545 -0.0176573 -0.3920780 -0.0805758 -0.9305897 1.6222014 -2.0110090 -18.1172487 39.0002709 19.9763883
0.0687273 -0.0208006 -0.3865601 -0.0870491 -0.9841875 1.7457624 -1.9335153 -14.4264543 36.5279664 26.8667536
0.0720000 -0.0240993 -0.3806512 -0.0932316 -1.0250174 1.8612935 -1.8351539 -10.3983076 34.1293870 32.6741377
0.0752727 -0.0275098 -0.3743771 -0.0990610 -1.0522491 1.9691547 -1.7196482 -6.1987045 31.8497744 37.3059697
0.0785455 -0.0309867 -0.3677622 -0.1044875 -1.0655907 2.0697648 -1.5909694 -1.9836486 29.6851707 40.7009611
0.0818182 -0.0344846 -0.3608296 -0.1094746 -1.0652330 2.1634577 -1.4532419 2.1132224 27.5941671 42.8276825
0.0850909 -0.0379592 -0.3536014 -0.1139996 -1.0517587 2.2503811 -1.3106427 5.9879855 25.5108983 43.6887257
0.0883636 -0.0413688 -0.3460998 -0.1180533 -1.0260389 2.3304381 -1.1672793 9.5673064 23.3583417 43.3282832
0.0916364 -0.0446751 -0.3383476 -0.1216400 -0.9891364 2.4032721 -1.0270394 12.8033487 21.0618802 41.8400536
0.0949091 -0.0478432 -0.3303693 -0.1247758 -0.9422352 2.4682977 -0.8934172 15.6651726 18.5626991 39.3720429
0.0981818 -0.0508424 -0.3221915 -0.1274878 -0.8866007 2.5247734 -0.7693315 18.1301973 15.8293946 36.1252762
0.1014545 -0.0536464 -0.3138435 -0.1298114 -0.8235648 2.5719082 -0.6569608 20.1789466 12.8654517 32.3444275
0.1047273 -0.0562330 -0.3053572 -0.1317879 -0.7545203 2.6089836 -0.5576225 21.7944275 9.7107200 28.3005111
0.1080000 -0.0585851 -0.2967665 -0.1334613 -0.6809103 2.6354693 -0.4717211 22.9649479 6.4363235 24.2690384
0.1112727 -0.0606899 -0.2881068 -0.1348755 -0.6042043 2.6511123 -0.3987706 23.6875524 3.1339865 20.5091461
0.1145455 -0.0625398 -0.2794138 -0.1360714 -0.5258646 2.6559827 -0.3374794 23.9698073 -0.0979337 17.2476557
0.1178182 -0.0641319 -0.2707222 -0.1370845 -0.4473110 2.6504713 -0.2858769 23.8300065 -3.1691380 14.6677895
0.1210909 -0.0654677 -0.2620653 -0.1379426 -0.3698863 2.6352392 -0.2414721 23.2977876 -6.0109048 12.8994349
0.1243636 -0.0665530 -0.2534734 -0.1386650 -0.2948164 2.6111272 -0.2014442 22.4165727 -8.5866212 12.0091456
0.1276364 -0.0673974 -0.2449742 -0.1392612 -0.2231597 2.5790359 -0.1628667 21.2466457 -10.8967550 11.9918975
0.1309091 -0.0680137 -0.2365924 -0.1397311 -0.1557474 2.5398029 -0.1229518 19.8656248 -12.9759614 12.7689989
0.1341818 -0.0684168 -0.2283501 -0.1400659 -0.0931301 2.4941023 -0.0792878 18.3637061 -14.8823799 14.1952101
0.1374545 -0.0686233 -0.2202674 -0.1402500 -0.0355486 2.4423910 -0.0300377 16.8341915 -16.6825031 16.0740545
0.1407273 -0.0686495 -0.2123635 -0.1402626 0.0170573 2.3849078 0.0259242 15.3630536 -18.4369215 18.1766999
0.1440000 -0.0685116 -0.2046571 -0.1400803 0.0650095 2.3217130 0.0889371 14.0216183 -20.1910695 20.2595966
0.1472727 -0.0682240 -0.1971668 -0.1396804 0.1088352 2.2527480 0.1585324 12.8634288 -21.9716599 22.0794892
0.1505455 -0.0677992 -0.1899118 -0.1390427 0.1492065 2.1778985 0.2334574 11.9229785 -23.7865780 23.4082297
0.1538182 -0.0672474 -0.1829115 -0.1381523 0.1868765 2.0970541 0.3117499 11.2134438 -25.6255329 24.0504065
0.1570909 -0.0665760 -0.1761857 -0.1370021 0.2226036 2.0101677 0.3908782 10.7228420 -27.4603306 23.8635531
0.1603636 -0.0657903 -0.1697541 -0.1355939 0.2570624 1.9173137 0.4679477 10.4108205 -29.2455807 22.7762462
0.1636364 -0.0648935 -0.1636360 -0.1339392 0.2907472 1.8187421 0.5399591 10.2094696 -30.9215430 20.7974572
0.1669091 -0.0638873 -0.1578496 -0.1320596 0.3238880 1.7149182 0.6040765 10.0304575 -32.4198444 18.0130953
0.1701818 -0.0627735 -0.1524111 -0.1299852 0.3564011 1.6065395 0.6578630 9.7778444 -33.6705842 14.5711234
0.1734545 -0.0615545 -0.1473340 -0.1277536 0.3878884 1.4945289 0.6994512 9.3628931 -34.6082719 10.6610347
0.1767273 -0.0602346 -0.1426287 -0.1254070 0.4176854 1.3800126 0.7276443 8.7163110 -35.1753803 6.4940915
0.1800000 -0.0588205 -0.1383012 -0.1229908 0.4449406 1.2642900 0.7419579 7.7952462 -35.3244274 2.2877555
0.1832727 -0.0573222 -0.1343533 -0.1205506 0.4687089 1.1487982 0.7426187 6.5852585 -35.0203214 -1.7463195
0.1865455 -0.0557526 -0.1307818 -0.1181300 0.4880441 1.0350661 0.7305275 5.0993163 -34.2440154 -5.4136047
0.1898182 -0.0541277 -0.1275783 -0.1157689 0.5020862 0.9246555 0.7071842 3.3759375 -32.9971636 -8.5492925
0.1930909 -0.0524662 -0.1247295 -0.1135012 0.5101412 0.8190847 0.6745685 1.4773584 -31.3061376 -11.0312864
0.1963636 -0.0507886 -0.1222171 -0.1113536 0.5117562 0.7197426 0.6349794 -0.5130073 -29.2232874 -12.7905301
0.1996364 -0.0491166 -0.1200185 -0.1093450 0.5067833 0.6278050 0.5908487 -2.4954941 -26.8243372 -13.8155321
0.2029091 -0.0474715 -0.1181078 -0.1074862 0.4954221 0.5441651 0.5445505 -4.3627422 -24.2023066 -14.1492202
0.2061818 -0.0458738 -0.1164567 -0.1057806 0.4782272 0.4693899 0.4982356 -6.0116475 -21.4590107 -13.8781466
0.2094545 -0.0443413 -0.1150354 -0.1042250 0.4560731 0.4037062 0.4537117 -7.3567813 -18.6953898 -13.1165481
0.2127273 -0.0428886 -0.1138142 -0.1028109 0.4300737 0.3470201 0.4123818 -8.3422515 -16.0024951 -11.9898336
0.2160000 -0.0415263 -0.1127640 -0.1015258 0.4014693 0.2989626 0.3752328 -8.9490635 -13.4551762 -10.6220033
0.2192727 -0.0402608 -0.1118574 -0.1003548 0.3714980 0.2589498 0.3428560 -9.1964383 -11.1093711 -9.1289204
0.2225455 -0.0390946 -0.1110691 -0.0992816 0.3412744 0.2262467 0.3154799 -9.1374255 -9.0021877 -7.6159999
0.2258182 -0.0380270 -0.1103765 -0.0982899 0.3116894 0.2000264 0.2930058 -8.8503441 -7.1535376 -6.1774271
0.2290909 -0.0370545 -0.1097598 -0.0973638 0.2833449 0.1794235 0.2750458 -8.4277539 -5.5689116 -4.8949665
0.2323636 -0.0361724 -0.1092021 -0.0964896 0.2565259 0.1635754 0.2609660 -7.9643457 -4.2431471 -3.8357409
0.2356364 -0.0353754 -0.1086891 -0.0956557 0.2312146 0.1516502 0.2499391 -7.5450407 -3.1642271 -3.0491862
0.2389091 -0.0346590 -0.1082095 -0.0948536 0.2071402 0.1428640 0.2410077 -7.2347828 -2.3157317 -2.5643509
0.2421818 -0.0340196 -0.1077540 -0.0940781 0.1838597 0.1364927 0.2331543 -7.0713344 -1.6775686 -2.3889467
0.2454545 -0.0334555 -0.1073161 -0.0933275 0.1608551 0.1318836 0.2253710 -7.0616228 -1.2261128 -2.5101114
0.2487273 -0.0329667 -0.1068908 -0.0926030 0.1376381 0.1284672 0.2167245 -7.1815533 -0.9350406 -2.8954737
0.2520000 -0.0325546 -0.1064752 -0.0919089 0.1138486 0.1257633 0.2064188 -7.3791440 -0.7768660 -3.4938475
0.2552727 -0.0322215 -0.1060676 -0.0912519 0.0893383 0.1233823 0.1938556 -7.5808354 -0.7244345 -4.2368257
0.2585455 -0.0319699 -0.1056676 -0.0906401 0.0642286 0.1210216 0.1786868 -7.7005592 -0.7520795 -5.0431653
0.2618182 -0.0318011 -0.1052755 -0.0900823 0.0389346 0.1184596 0.1608458 -7.6510099 -0.8364463 -5.8263708
0.2650909 -0.0317150 -0.1048922 -0.0895872 0.0141492 0.1155467 0.1405506 -7.3565136 -0.9567395 -6.5039457
0.2683636 -0.0317085 -0.1045192 -0.0891623 -0.0092171 0.1121973 0.1182745 -6.7662564 -1.0944553 -7.0061177
0.2716364 -0.0317753 -0.1041578 -0.0888131 -0.0301390 0.1083829 0.0946923 -5.8655424 -1.2334894 -7.2824095
0.2749091 -0.0319058 -0.1038098 -0.0885425 -0.0476097 0.1041235 0.0706079 -4.6823591 -1.3613793 -7.3052864
0.2781818 -0.0320870 -0.1034763 -0.0883509 -0.0607871 0.0994721 0.0468759 -3.2872440 -1.4709464 -7.0707068
0.2814545 -0.0323037 -0.1031587 -0.0882357 -0.0691263 0.0944955 0.0243269 -1.7856295 -1.5603263 -6.5956712
0.2847273 -0.0325394 -0.1028578 -0.0881917 -0.0724749 0.0892591 0.0037043 -0.3030455 -1.6302244 -5.9134451
0.2880000 -0.0327780 -0.1025744 -0.0882115 -0.0711098 0.0838249 -0.0143793 1.0347790 -1.6799110 -5.0682589
0.2912727 -0.0330049 -0.1023091 -0.0882858 -0.0657018 0.0782633 -0.0294698 2.1226224 -1.7050799 -4.1114561
0.2945455 -0.0332081 -0.1020622 -0.0884044 -0.0572163 0.0726644 -0.0412907 2.8917784 -1.6991351 -3.0992297
0.2978182 -0.0333794 -0.1018335 -0.0885561 -0.0467738 0.0671417 -0.0497557 3.3174984 -1.6566072 -2.0903065
0.3010909 -0.0335142 -0.1016227 -0.0887300 -0.0355018 0.0618212 -0.0549727 3.4174436 -1.5763666 -1.1423563
0.3043636 -0.0336118 -0.1014288 -0.0889159 -0.0244051 0.0568236 -0.0572329 3.2431557 -1.4632496 -0.3071795
0.3076364 -0.0336740 -0.1012507 -0.0891046 -0.0142738 0.0522435 -0.0569833 2.8672581 -1.3278789 0.3748864
0.3109091 -0.0337052 -0.1010869 -0.0892889 -0.0056376 0.0481321 -0.0547791 2.3693200 -1.1851171 0.8805964
0.3141818 -0.0337109 -0.1009357 -0.0894632 0.0012344 0.0444864 -0.0512194 1.8233061 -1.0518143 1.2076854
0.3174545 -0.0336971 -0.1007957 -0.0896241 0.0062968 0.0412475 -0.0468743 1.2886965 -0.9443332 1.3748814
0.3207273 -0.0336697 -0.1006657 -0.0897700 0.0096696 0.0383053 -0.0422202 0.5152816 -0.4494924 0.7110424
0.3240000 -0.0336338 -0.1005450 -0.0899005 0.0096696 0.0383053 -0.0422202 0.5152816 -0.4494924 0.7110424
