0.0000000 -0.0000177 -0.4199012 0.0005067 -0.0900020 -0.0250477 -0.1267434 0.4419616 -0.9574774 -2.0387571
0.0027374 -0.0002680 -0.4199625 0.0001679 -0.0900020 -0.0250477 -0.1267434 0.4419616 -0.9574774 -2.0387571
0.0054747 -0.0005104 -0.4200383 -0.0001872 -0.0875824 -0.0302896 -0.1379051 0.6962753 -1.8383518 -6.0547314
0.0082121 -0.0007475 -0.4201284 -0.0005871 -0.0861901 -0.0351122 -0.1598915 0.2820233 -1.5629199 -10.0827118
0.0109495 -0.0009823 -0.4202306 -0.0010625 -0.0860383 -0.0388462 -0.1931054 -0.2122965 -1.0188160 -14.1754925
0.0136869 -0.0012185 -0.4203410 -0.0016443 -0.0873523 -0.0406900 -0.2374987 -0.7983644 -0.1614557 -18.1717711
0.0164242 -0.0014605 -0.4204533 -0.0023628 -0.0904092 -0.0397302 -0.2925912 -1.5006014 1.0439290 -21.9199131
0.0191616 -0.0017135 -0.4205585 -0.0032462 -0.0955677 -0.0349747 -0.3575047 -2.3504794 2.6184042 -25.2834021
0.0218990 -0.0019837 -0.4206448 -0.0043200 -0.1032775 -0.0253951 -0.4310115 -3.3787114 4.5663302 -28.1445864
0.0246364 -0.0022789 -0.4206976 -0.0056059 -0.1140653 -0.0099752 -0.5115892 -4.6077236 6.8736518 -30.4067724
0.0273737 -0.0026082 -0.4206994 -0.0071209 -0.1285036 0.0122365 -0.5974809 -6.0460389 9.5078712 -31.9954478
0.0301111 -0.0029824 -0.4206306 -0.0088769 -0.1471659 0.0420780 -0.6867562 -7.6850964 12.4200018 -32.8595816
0.0328485 -0.0034139 -0.4204691 -0.0108807 -0.1705776 0.0802328 -0.7773788 -9.4983481 15.5483158 -32.9732872
0.0355859 -0.0039163 -0.4201913 -0.0131329 -0.1991669 0.1272011 -0.8672767 -11.4421154 18.8231636 -32.3372687
0.0383232 -0.0045043 -0.4197727 -0.0156288 -0.2332203 0.1832849 -0.9544171 -13.4576256 22.1719649 -30.9789273
0.0410606 -0.0051931 -0.4191879 -0.0183581 -0.2728440 0.2485870 -1.0368785 -15.4739606 25.5235907 -28.9500156
0.0437980 -0.0059981 -0.4184117 -0.0213054 -0.3179363 0.3230201 -1.1129112 -17.4119324 28.8115634 -26.3214808
0.0465354 -0.0069338 -0.4174194 -0.0244510 -0.3681700 0.4063230 -1.1809819 -19.1887296 31.9758077 -23.1763948
0.0492727 -0.0080137 -0.4161872 -0.0277710 -0.4229897 0.4980796 -1.2397961 -20.7228240 34.9630155 -19.6027931
0.0520101 -0.0092495 -0.4146926 -0.0312386 -0.4816222 0.5977367 -1.2883023 -21.9385722 37.7259419 -15.6882376
0.0547475 -0.0106505 -0.4129147 -0.0348241 -0.5430979 0.7046196 -1.3256852 -22.7701813 40.2221402 -11.5171132
0.0574848 -0.0122228 -0.4108350 -0.0384964 -0.6062832 0.8179428 -1.3513555 -23.1649043 42.4127870 -7.1706157
0.0602222 -0.0139697 -0.4084367 -0.0422225 -0.6699199 0.9368189 -1.3649425 -23.0854360 44.2621527 -2.7285477
0.0629596 -0.0158905 -0.4057061 -0.0459691 -0.7326701 1.0602669 -1.3662937 -22.5116080 45.7378409 1.7284075
0.0656970 -0.0179809 -0.4026320 -0.0497026 -0.7931652 1.1872220 -1.3554799 -21.4415075 46.8114938 6.1172084
0.0684343 -0.0202329 -0.3992064 -0.0533900 -0.8500569 1.3165480 -1.3328035 -19.8918878 47.4596442 10.3524369
0.0711717 -0.0226347 -0.3954243 -0.0569993 -0.9020683 1.4470516 -1.2988030 -17.8974179 47.6645606 14.3475568
0.0739091 -0.0251715 -0.3912841 -0.0605006 -0.9480408 1.5774994 -1.2542542 -15.5083499 47.4148740 18.0168283
0.0766465 -0.0278250 -0.3867878 -0.0638661 -0.9869726 1.7066360 -1.2001654 -12.7866210 46.7056758 21.2774757
0.0793838 -0.0305749 -0.3819407 -0.0670712 -1.0180443 1.8332012 -1.1377654 -9.8009712 45.5379713 24.0521967
0.0821212 -0.0333985 -0.3767515 -0.0700951 -1.0406304 1.9559449 -1.0684857 -6.6220724 43.9176826 26.2723335
0.0848586 -0.0362721 -0.3712324 -0.0729209 -1.0542985 2.0736394 -0.9939310 -3.3187373 41.8546814 27.8819059
0.0875960 -0.0391706 -0.3653989 -0.0755366 -1.0587997 2.1850887 -0.9158393 0.0440795 39.3625045 28.8424123
0.0903333 -0.0420687 -0.3592696 -0.0779349 -1.0540572 2.2891392 -0.8360261 3.4054119 36.4592316 29.1379336
0.0930707 -0.0449413 -0.3528664 -0.0801136 -1.0401559 2.3846938 -0.7563164 6.7070738 33.1694646 28.7795836
0.0958081 -0.0477633 -0.3462140 -0.0820755 -1.0173376 2.4707336 -0.6784652 9.8920157 29.5268222 27.8080126
0.0985455 -0.0505109 -0.3393398 -0.0838280 -0.9859996 2.5463457 -0.6040746 12.9032991 25.5760881 26.2928965
0.1012828 -0.0531614 -0.3322734 -0.0853827 -0.9466953 2.6107563 -0.5345182 15.6845688 21.3741810 24.3290164
0.1040202 -0.0556938 -0.3250465 -0.0867544 -0.9001306 2.6633640 -0.4708794 18.1823180 16.9893505 22.0292077
0.1067576 -0.0580894 -0.3176922 -0.0879606 -0.8471517 2.7037687 -0.4139138 20.3493692 12.4984563 19.5151993
0.1094949 -0.0603318 -0.3102441 -0.0890205 -0.7887229 2.7317899 -0.3640386 22.1483090 7.9828127 16.9082526
0.1122323 -0.0624075 -0.3027363 -0.0899536 -0.7258953 2.7474725 -0.3213454 23.5536200 3.5234748 14.3218375
0.1149697 -0.0643059 -0.2952024 -0.0907797 -0.6597728 2.7510800 -0.2856301 24.5519878 -0.8032792 11.8576644
0.1177071 -0.0660196 -0.2876748 -0.0915174 -0.5914794 2.7430748 -0.2564277 25.1411931 -4.9298471 9.6045863
0.1204444 -0.0675441 -0.2801847 -0.0921836 -0.5221311 2.7240903 -0.2330475 25.3285720 -8.8003908 7.6383884
0.1231818 -0.0688781 -0.2727611 -0.0927933 -0.4528119 2.6948949 -0.2146095 25.1300322 -12.3729364 6.0204415
0.1259192 -0.0700231 -0.2654309 -0.0933586 -0.3845505 2.6563516 -0.2000871 24.5700624 -15.6201434 4.7946420
0.1286566 -0.0709834 -0.2582183 -0.0938887 -0.3182970 2.6093785 -0.1883600 23.6824138 -18.5283781 3.9838062
0.1313939 -0.0717657 -0.2511452 -0.0943898 -0.2548953 2.5549134 -0.1782767 22.5105963 -21.0950992 3.5874653
0.1341313 -0.0723789 -0.2442308 -0.0948647 -0.1950571 2.4938882 -0.1687195 21.1072775 -23.3251456 3.5825024
0.1368687 -0.0728336 -0.2374918 -0.0953135 -0.1393383 2.4272142 -0.1586634 19.5320556 -25.2269248 3.9267911
0.1396061 -0.0731417 -0.2309424 -0.0957334 -0.0881241 2.3557772 -0.1472213 17.8477755 -26.8096102 4.5646492
0.1423434 -0.0733161 -0.2245945 -0.0961195 -0.0416262 2.2804383 -0.1336731 16.1162823 -28.0823125 5.4322220
0.1450808 -0.0733696 -0.2184576 -0.0964652 0.0001085 2.2020336 -0.1174813 14.3947738 -29.0555484 6.4612831
0.1478182 -0.0733155 -0.2125389 -0.0967627 0.0371815 2.1213665 -0.0982992 12.7334649 -29.7441796 7.5812810
0.1505556 -0.0731661 -0.2068436 -0.0970033 0.0698210 2.0391917 -0.0759757 11.1744846 -30.1701616 8.7207934
0.1532929 -0.0729332 -0.2013748 -0.0971786 0.0983590 1.9561925 -0.0505551 9.7514255 -30.3636198 9.8097355
0.1560303 -0.0726276 -0.1961340 -0.0972801 0.1232076 1.8729586 -0.0222699 8.4889895 -30.3616993 10.7826915
0.1587677 -0.0722587 -0.1911209 -0.0973005 0.1448341 1.7899699 0.0084774 7.4024802 -30.2056114 11.5826881
0.1615051 -0.0718347 -0.1863343 -0.0972337 0.1637343 1.7075905 0.0411424 6.4972278 -29.9368002 12.1644275
0.1642424 -0.0713623 -0.1817722 -0.0970753 0.1804048 1.6260734 0.0750746 5.7682468 -29.5931701 12.4963012
0.1669798 -0.0708470 -0.1774320 -0.0968227 0.1953140 1.5455753 0.1095565 5.2004992 -29.2061248 12.5609212
0.1697172 -0.0702930 -0.1733106 -0.0964755 0.2088762 1.4661773 0.1438425 4.7700402 -28.7988979 12.3542073
0.1724545 -0.0697034 -0.1694050 -0.0960352 0.2214288 1.3879086 0.1771927 4.4460742 -28.3862817 11.8834083
0.1751919 -0.0690807 -0.1657122 -0.0955054 0.2332173 1.3107696 0.2089011 4.1936382 -27.9754475 11.1647215
0.1779293 -0.0684266 -0.1622289 -0.0948915 0.2443879 1.2347501 0.2383167 3.9764546 -27.5673068 10.2210749
0.1806667 -0.0677428 -0.1589522 -0.0942007 0.2549874 1.1598455 0.2648589 3.7595435 -27.1579948 9.0803083
0.1834040 -0.0670306 -0.1558790 -0.0934415 0.2649704 1.0860670 0.2880291 3.5113785 -26.7402945 7.7738795
0.1861414 -0.0662921 -0.1530063 -0.0926238 0.2742113 1.0134492 0.3074189 3.2055290 -26.3048086 6.3361641
0.1888788 -0.0655294 -0.1503307 -0.0917584 0.2825199 0.9420548 0.3227180 2.8218070 -25.8406452 4.8041076
0.1916162 -0.0647454 -0.1478488 -0.0908570 0.2896600 0.8719781 0.3337202 2.3469828 -25.3356383 3.2167550
0.1943535 -0.0639436 -0.1455568 -0.0899314 0.2953690 0.8033486 0.3403289 1.7750835 -24.7765330 1.6143789
0.1970909 -0.0631283 -0.1434506 -0.0889938 0.2993781 0.7363329 0.3425585 1.1071601 -24.1496631 0.0373096
0.1998283 -0.0623046 -0.1415256 -0.0880560 0.3014305 0.6711353 0.3405332 0.3505094 -23.4422067 -1.4751351
0.2025657 -0.0614781 -0.1397763 -0.0871294 0.3012971 0.6079927 0.3344825 -0.4823714 -22.6435453 -2.8852658
0.2053030 -0.0606550 -0.1381970 -0.0862248 0.2987896 0.5471676 0.3247371 -1.3748021 -21.7462470 -4.1574276
0.2080404 -0.0598423 -0.1367807 -0.0853516 0.2937704 0.4889375 0.3117217 -2.3068088 -20.7467010 -5.2590062
0.2107778 -0.0590467 -0.1355202 -0.0845182 0.2861604 0.4335846 0.2959453 -3.2557831 -19.6456367 -6.1625063
0.2135152 -0.0582756 -0.1344070 -0.0837314 0.2759458 0.3813826 0.2779835 -4.1967467 -18.4484443 -6.8482189
0.2162525 -0.0575360 -0.1334322 -0.0829963 0.2631843 0.3325840 0.2584531 -5.1023035 -17.1650022 -7.3064311
0.2189899 -0.0568347 -0.1325862 -0.0823164 0.2480120 0.2874086 0.2379826 -5.9426971 -15.8089529 -7.5384187
0.2217273 -0.0561782 -0.1318587 -0.0816934 0.2306495 0.2460340 0.2171821 -6.6864363 -14.3967360 -7.5562096
0.2244646 -0.0555720 -0.1312392 -0.0811274 0.2114054 0.2085901 0.1966143 -7.3017729 -12.9467253 -7.3814909
0.2272020 -0.0550208 -0.1307167 -0.0806170 0.1906741 0.1751540 0.1767703 -7.7590400 -11.4786112 -7.0438084
0.2299394 -0.0545281 -0.1302803 -0.0801596 0.1689266 0.1457476 0.1580512 -8.0335006 -10.0130351 -6.5780977
0.2326768 -0.0540960 -0.1299188 -0.0797517 0.1466928 0.1203351 0.1407569 -8.1081338 -8.5714091 -6.0219901
0.2354141 -0.0537250 -0.1296214 -0.0793890 0.1245366 0.0988213 0.1250824 -7.9758889 -7.1757615 -5.4135362
0.2381515 -0.0534142 -0.1293778 -0.0790669 0.1030268 0.0810496 0.1111192 -7.6411494 -5.8484859 -4.7895236
0.2408889 -0.0531609 -0.1291777 -0.0787806 0.0827033 0.0668023 0.0988609 -7.1202535 -4.6119825 -4.1839410
0.2436263 -0.0529614 -0.1290120 -0.0785257 0.0640452 0.0558002 0.0882131 -6.4409428 -3.4881508 -3.6259647
0.2463636 -0.0528103 -0.1288722 -0.0782977 0.0474407 0.0477055 0.0790097 -5.6407168 -2.4975951 -3.1373194
0.2491010 -0.0527017 -0.1287509 -0.0780931 0.0331637 0.0421265 0.0710371 -4.7642720 -1.6584373 -2.7297989
0.2518384 -0.0526287 -0.1286416 -0.0779088 0.0213576 0.0386260 0.0640647 -3.8602494 -0.9847833 -2.4042096
0.2545758 -0.0525847 -0.1285394 -0.0777424 0.0120298 0.0367351 0.0578747 -2.9773552 -0.4850261 -2.1514021
0.2573131 -0.0525629 -0.1284405 -0.0775919 0.0050573 0.0359706 0.0522863 -2.1599148 -0.1602236 -1.9551664
0.2600505 -0.0525570 -0.1283425 -0.0774561 0.0002048 0.0358579 0.0471706 -1.4434112 -0.0028234 -1.7964839
0.2627879 -0.0525618 -0.1282442 -0.0773337 -0.0028450 0.0359552 0.0424511 -0.8511420 0.0038490 -1.6584701
0.2655253 -0.0525726 -0.1281456 -0.0772237 -0.0044550 0.0358789 0.0380909 -0.3929425 -0.1151432 -1.5308149
0.2682626 -0.0525862 -0.1280477 -0.0771252 -0.0049963 0.0353248 0.0340702 -0.0988726 -0.1012220 -0.7344090
0.2710000 -0.0526000 -0.1279522 -0.0770372 -0.0049963 0.0353248 0.0340702 -0.0988726 -0.1012220 -0.7344090
