0.0000000 0.0000360 -0.4198629 0.0002713 -0.0600445 -0.0037310 -0.0923887 0.3520440 -1.1886740 -0.8586359
0.0028081 -0.0001365 -0.4198637 0.0000132 -0.0600445 -0.0037310 -0.0923887 0.3520440 -1.1886740 -0.8586359
0.0056162 -0.0003012 -0.4198838 -0.0002476 -0.0580674 -0.0104068 -0.0972109 0.3767678 -2.2390156 -3.1565687
0.0084242 -0.0004626 -0.4199221 -0.0005327 -0.0579286 -0.0163057 -0.1101165 -0.3724334 -1.8295209 -6.1310771
0.0112323 -0.0006266 -0.4199754 -0.0008660 -0.0601591 -0.0206817 -0.1316440 -1.3107458 -1.1281469 -9.2479129
0.0140404 -0.0008005 -0.4200383 -0.0012721 -0.0652899 -0.0226415 -0.1620542 -2.4351120 -0.0842875 -12.4110353
0.0168485 -0.0009932 -0.4201026 -0.0017761 -0.0738350 -0.0211550 -0.2013464 -3.7355508 1.3464594 -15.5310233
0.0196566 -0.0012151 -0.4201571 -0.0024029 -0.0862694 -0.0150796 -0.2492790 -5.1938211 3.1971676 -18.5256324
0.0224646 -0.0014777 -0.4201873 -0.0031761 -0.1030044 -0.0031992 -0.3053893 -6.7830432 5.4846482 -21.3191097
0.0252727 -0.0017936 -0.4201750 -0.0041180 -0.1243640 0.0157231 -0.3690105 -8.4684442 8.2051882 -23.8411315
0.0280808 -0.0021762 -0.4200990 -0.0052485 -0.1505645 0.0428824 -0.4392850 -10.2088808 11.3312790 -26.0262123
0.0308889 -0.0026392 -0.4199342 -0.0065851 -0.1816988 0.0793614 -0.5151780 -11.9585324 14.8096255 -27.8142148
0.0336970 -0.0031966 -0.4196532 -0.0081418 -0.2177256 0.1260557 -0.5954941 -13.6681973 18.5608771 -29.1520371
0.0365051 -0.0038620 -0.4192263 -0.0099295 -0.2584616 0.1836023 -0.6789005 -15.2859992 22.4816079 -29.9959635
0.0393131 -0.0046482 -0.4186221 -0.0119547 -0.3035742 0.2523160 -0.7639563 -16.7578766 26.4487238 -30.3139591
0.0421212 -0.0055669 -0.4178092 -0.0142200 -0.3525765 0.3321426 -0.8491486 -18.0285985 30.3258829 -30.0873799
0.0449293 -0.0066283 -0.4167567 -0.0167236 -0.4048257 0.4226311 -0.9329319 -19.0439134 33.9712724 -29.3119060
0.0477374 -0.0078405 -0.4154357 -0.0194595 -0.4595302 0.5229307 -1.0137690 -19.7539020 37.2462482 -27.9978720
0.0505455 -0.0092091 -0.4138199 -0.0224171 -0.5157669 0.6318120 -1.0901725 -20.1171020 40.0243619 -26.1701733
0.0533535 -0.0107371 -0.4118873 -0.0255820 -0.5725111 0.7477140 -1.1607449 -20.1047539 42.1999679 -23.8674404
0.0561616 -0.0124244 -0.4096206 -0.0289360 -0.6286784 0.8688139 -1.2242159 -19.7044502 43.6953613 -21.1399101
0.0589697 -0.0142679 -0.4070079 -0.0324574 -0.6831745 0.9931142 -1.2794701 -18.9223521 44.4655714 -18.0460403
0.0617778 -0.0162613 -0.4040431 -0.0361217 -0.7349494 1.1185397 -1.3255653 -17.7831709 44.5004365 -14.6488020
0.0645859 -0.0183955 -0.4007260 -0.0399020 -0.7830476 1.2430359 -1.3617401 -16.3276570 43.8241407 -11.0125485
0.0673939 -0.0206590 -0.3970620 -0.0437695 -0.8266481 1.3646632 -1.3874136 -14.6081766 42.4927114 -7.2005553
0.0702020 -0.0230381 -0.3930618 -0.0476940 -0.8650895 1.4816818 -1.4021796 -12.6834199 40.5899238 -3.2730477
0.0730101 -0.0255175 -0.3887406 -0.0516444 -0.8978803 1.5926228 -1.4057956 -10.6131033 38.2217803 0.7138927
0.0758182 -0.0280807 -0.3841174 -0.0555891 -0.9246944 1.6963415 -1.3981703 -8.4531371 35.5095567 4.7078097
0.0786263 -0.0307107 -0.3792137 -0.0594967 -0.9453545 1.7920502 -1.3793557 -6.2515735 32.5815681 8.6575666
0.0814343 -0.0333900 -0.3740530 -0.0633358 -0.9598043 1.8793249 -1.3495480 -4.0457411 29.5641464 12.5100644
0.0842424 -0.0361011 -0.3686591 -0.0670760 -0.9680760 1.9580872 -1.3090972 -1.8610045 26.5725655 16.2074799
0.0870505 -0.0388268 -0.3630560 -0.0706879 -0.9702560 2.0285607 -1.2585241 0.2886052 23.7028219 19.6865283
0.0898586 -0.0415502 -0.3572664 -0.0741441 -0.9664551 2.0912061 -1.1985345 2.3980377 21.0253097 22.8804972
0.0926667 -0.0442546 -0.3513115 -0.0774191 -0.9567882 2.1466422 -1.1300236 4.4676797 18.5813618 25.7235455
0.0954747 -0.0469237 -0.3452105 -0.0804905 -0.9413639 2.1955620 -1.0540669 6.4993586 16.3832257 28.1557214
0.0982828 -0.0495415 -0.3389808 -0.0833389 -0.9202868 2.2386531 -0.9718965 8.4925912 14.4173784 30.1271967
0.1010909 -0.0520922 -0.3326379 -0.0859488 -0.8936682 2.2765323 -0.8848677 10.4416165 12.6503260 31.6010545
0.1038990 -0.0545605 -0.3261955 -0.0883085 -0.8616450 2.3096993 -0.7944199 12.3336413 11.0354294 32.5545827
0.1067071 -0.0569313 -0.3196662 -0.0904104 -0.8244004 2.3385091 -0.7020359 14.1485546 9.5192820 32.9791747
0.1095152 -0.0591904 -0.3130620 -0.0922512 -0.7821844 2.3631612 -0.6092035 15.8599383 8.0468557 32.8792392
0.1123232 -0.0613242 -0.3063943 -0.0938318 -0.7353285 2.3837015 -0.5173808 17.4367430 6.5654795 32.2709731
0.1151313 -0.0633201 -0.2996748 -0.0951569 -0.6842568 2.4000340 -0.4279645 18.8449513 5.0280836 31.1818615
0.1179394 -0.0651671 -0.2929154 -0.0962353 -0.6294922 2.4119400 -0.3422584 20.0489874 3.3959562 29.6511450
0.1207475 -0.0668555 -0.2861289 -0.0970791 -0.5716585 2.4191062 -0.2614389 21.0131897 1.6409019 27.7306036
0.1235556 -0.0683776 -0.2793293 -0.0977036 -0.5114787 2.4211556 -0.1865188 21.7038766 -0.2535052 25.4844816
0.1263636 -0.0697280 -0.2725313 -0.0981266 -0.4497660 2.4176825 -0.1183139 22.0922476 -2.2918040 22.9877689
0.1291717 -0.0709036 -0.2657512 -0.0983680 -0.3874051 2.4082845 -0.0574158 22.1577885 -4.4675674 20.3230622
0.1319798 -0.0719037 -0.2590060 -0.0984491 -0.3253243 2.3925919 -0.0041763 21.8914432 -6.7648622 17.5768668
0.1347879 -0.0727306 -0.2523140 -0.0983915 -0.2644592 2.3702919 0.0412987 21.2979282 -9.1596000 14.8359237
0.1375960 -0.0733890 -0.2456941 -0.0982171 -0.2057117 2.3411501 0.0791447 20.3969508 -11.6204208 12.1834569
0.1404040 -0.0738860 -0.2391657 -0.0979470 -0.1499066 2.3050298 0.1097230 19.2232684 -14.1092764 9.6949575
0.1432121 -0.0742309 -0.2327486 -0.0976009 -0.0977507 2.2619101 0.1335931 17.8254016 -16.5822142 7.4335384
0.1460202 -0.0744349 -0.2264625 -0.0971967 -0.0497963 2.2119014 0.1514709 16.2628291 -18.9908190 5.4456002
0.1488283 -0.0745106 -0.2203262 -0.0967502 -0.0064160 2.1552546 0.1641765 14.6018424 -21.2845553 3.7579603
0.1516364 -0.0744710 -0.2143582 -0.0962747 0.0322100 2.0923639 0.1725762 12.9105832 -23.4140547 2.3773857
0.1544444 -0.0743297 -0.2085752 -0.0957810 0.0660919 2.0237575 0.1775283 11.2537885 -25.3350033 1.2926839
0.1572525 -0.0740998 -0.2029925 -0.0952777 0.0954131 1.9500784 0.1798362 9.6876731 -27.0118520 0.4786319
0.1600606 -0.0737938 -0.1976232 -0.0947710 0.1204995 1.8720546 0.1802163 8.2555775 -28.4206013 -0.0993916
0.1628687 -0.0734230 -0.1924787 -0.0942655 0.1417778 1.7904637 0.1792780 6.9852572 -29.5502397 -0.4810276
0.1656768 -0.0729976 -0.1875677 -0.0937642 0.1597298 1.7060956 0.1775148 5.8884159 -30.4025557 -0.7073361
0.1684848 -0.0725260 -0.1828970 -0.0932686 0.1748481 1.6197180 0.1753055 4.9624245 -30.9901803 -0.8180859
0.1712929 -0.0720156 -0.1784711 -0.0927796 0.1875996 1.5320498 0.1729203 4.1937095 -31.3332006 -0.8497270
0.1741010 -0.0714724 -0.1742927 -0.0922974 0.1984006 1.4437457 0.1705332 3.5621532 -31.4551809 -0.8336759
0.1769091 -0.0709013 -0.1703628 -0.0918219 0.2076052 1.3553924 0.1682382 3.0457280 -31.3795645 -0.7947819
0.1797172 -0.0703064 -0.1666806 -0.0913526 0.2155059 1.2675130 0.1660696 2.6244157 -31.1271940 -0.7503628
0.1825253 -0.0696910 -0.1632442 -0.0908892 0.2223443 1.1805770 0.1640241 2.2825330 -30.7151577 -0.7103636
0.1853333 -0.0690577 -0.1600503 -0.0904314 0.2283250 1.0950117 0.1620801 2.0091018 -30.1566264 -0.6788111
0.1881414 -0.0684087 -0.1570945 -0.0899789 0.2336278 1.0112126 0.1602118 1.7966668 -29.4612857 -0.6561456
0.1909495 -0.0677456 -0.1543712 -0.0895316 0.2384154 0.9295524 0.1583951 1.6394566 -28.6362364 -0.6415665
0.1937576 -0.0670697 -0.1518740 -0.0890894 0.2428352 0.8503868 0.1566086 1.5316540 -27.6872316 -0.6345423
0.1965657 -0.0663818 -0.1495953 -0.0886521 0.2470174 0.7740564 0.1548314 1.4660925 -26.6198495 -0.6352598
0.1993737 -0.0656824 -0.1475267 -0.0882198 0.2510690 0.7008855 0.1530409 1.4334161 -25.4402317 -0.6444200
0.2021818 -0.0649718 -0.1456590 -0.0877926 0.2550677 0.6311800 0.1512122 1.4217051 -24.1553941 -0.6627466
0.2049899 -0.0642499 -0.1439819 -0.0873706 0.2590536 0.5652249 0.1493188 1.4165104 -22.7733212 -0.6901540
0.2077980 -0.0635169 -0.1424846 -0.0869540 0.2630230 0.5032813 0.1473362 1.4011593 -21.3029807 -0.7246555
0.2106061 -0.0627728 -0.1411554 -0.0865431 0.2669227 0.4455839 0.1452490 1.3573532 -19.7544923 -0.7617816
0.2134141 -0.0620178 -0.1399821 -0.0861382 0.2706461 0.3923369 0.1430579 1.2662889 -18.1398050 -0.7953791
0.2162222 -0.0612528 -0.1389520 -0.0857397 0.2740344 0.3437078 0.1407821 1.1103554 -16.4738830 -0.8196911
0.2190303 -0.0604788 -0.1380518 -0.0853476 0.2768821 0.2998169 0.1384544 0.8750419 -14.7758607 -0.8315242
0.2218384 -0.0596978 -0.1372682 -0.0849621 0.2789488 0.2607242 0.1361121 0.5504552 -13.0694520 -0.8311828
0.2246465 -0.0589122 -0.1365875 -0.0845832 0.2799735 0.2264167 0.1337864 0.1319630 -11.3820994 -0.8217631
0.2274545 -0.0581254 -0.1359966 -0.0842107 0.2796899 0.1968005 0.1314969 -0.3800738 -9.7428429 -0.8074689
0.2302626 -0.0573414 -0.1354823 -0.0838446 0.2778390 0.1716994 0.1292515 -0.9808947 -8.1795269 -0.7919634
0.2330707 -0.0565650 -0.1350323 -0.0834848 0.2741810 0.1508629 0.1270491 -1.6614613 -6.7162808 -0.7774736
0.2358788 -0.0558015 -0.1346350 -0.0831311 0.2685079 0.1339796 0.1248851 -2.4078376 -5.3719734 -0.7649337
0.2386869 -0.0550570 -0.1342798 -0.0827834 0.2606582 0.1206930 0.1227531 -3.2003010 -4.1598735 -0.7549871
0.2414949 -0.0543376 -0.1339572 -0.0824417 0.2505345 0.1106171 0.1206449 -4.0128359 -3.0884102 -0.7492344
0.2443030 -0.0536500 -0.1336586 -0.0821059 0.2381215 0.1033480 0.1185453 -4.8133070 -2.1627258 -0.7510418
0.2471111 -0.0530003 -0.1333768 -0.0817759 0.2235022 0.0984709 0.1164270 -5.5643528 -1.3864594 -0.7655322
0.2499192 -0.0523947 -0.1331056 -0.0814520 0.2068712 0.0955615 0.1142460 -6.2251259 -0.7629723 -0.7988409
0.2527273 -0.0518385 -0.1328401 -0.0811343 0.1885409 0.0941859 0.1119405 -6.7540439 -0.2954932 -0.8570950
0.2555354 -0.0513359 -0.1325766 -0.0808233 0.1689394 0.0939019 0.1094324 -7.1124993 0.0136919 -0.9454664
0.2583434 -0.0508897 -0.1323127 -0.0805197 0.1485960 0.0942628 0.1066306 -7.2692416 0.1646038 -1.0671718
0.2611515 -0.0505013 -0.1320472 -0.0802245 0.1281141 0.0948264 0.1034390 -7.2049640 0.1611825 -1.2223081
0.2639596 -0.0501702 -0.1317801 -0.0799388 0.1081317 0.0951680 0.0997660 -6.9163449 0.0127012 -1.4070485
0.2667677 -0.0498940 -0.1315127 -0.0796642 0.0892708 0.0948977 0.0955368 -6.4186252 -0.2655573 -1.6139879
0.2695758 -0.0496688 -0.1312472 -0.0794023 0.0720837 0.0936766 0.0907015 -5.7460414 -0.6523598 -1.8337934
0.2723838 -0.0494892 -0.1309866 -0.0791548 0.0570001 0.0912339 0.0852379 -4.9498101 -1.1208021 -2.0574525
0.2751919 -0.0493487 -0.1307348 -0.0789235 0.0442847 0.0873820 0.0791466 -2.2640717 -0.6858617 -1.0846051
0.2780000 -0.0492405 -0.1304959 -0.0787103 0.0442847 0.0873820 0.0791466 -2.2640717 -0.6858617 -1.0846051
