0.0000000 -0.0002032 -0.4198376 0.0002350 0.0144808 -0.0367008 -0.0956562 1.6304162 -0.6223533 -2.5573935
0.0033232 -0.0001718 -0.4199498 -0.0000740 0.0144808 -0.0367008 -0.0956562 1.6304162 -0.6223533 -2.5573935
0.0066465 -0.0001069 -0.4200816 -0.0004008 0.0253173 -0.0408373 -0.1126539 3.4084268 -0.6525775 -8.6668916
0.0099697 -0.0000035 -0.4202212 -0.0008227 0.0371348 -0.0410382 -0.1532604 3.4859948 0.6667550 -15.7884215
0.0132929 0.0001399 -0.4203543 -0.0014194 0.0484869 -0.0364057 -0.2175911 3.0614034 2.2762668 -22.7717031
0.0166162 0.0003188 -0.4204632 -0.0022689 0.0574823 -0.0259090 -0.3046118 2.0093735 4.2147699 -29.2749585
0.0199394 0.0005219 -0.4205265 -0.0034440 0.0618421 -0.0083924 -0.4121660 0.2304428 6.5150605 -34.9716514
0.0232626 0.0007298 -0.4205190 -0.0050084 0.0590140 0.0173931 -0.5370496 -2.3318682 9.1969212 -39.5654450
0.0265859 0.0009142 -0.4204109 -0.0070135 0.0463434 0.0527346 -0.6751364 -5.6767077 12.2606515 -42.8059906
0.0299091 0.0010378 -0.4201685 -0.0094956 0.0212839 0.0988831 -0.8215581 -9.7382387 15.6819317 -44.5051555
0.0332323 0.0010556 -0.4197537 -0.0124739 -0.0183814 0.1569640 -0.9709383 -14.3862493 19.4083553 -44.5520095
0.0365556 0.0009157 -0.4191252 -0.0159489 -0.0743338 0.2278800 -1.1176715 -19.4342836 23.3575978 -42.9234456
0.0398788 0.0005616 -0.4182391 -0.0199025 -0.1475507 0.3122095 -1.2562275 -24.6536420 27.4180524 -39.6880991
0.0432020 -0.0000650 -0.4170501 -0.0242984 -0.2381933 0.4101131 -1.3814570 -29.7913490 31.4542563 -35.0030423
0.0465253 -0.0010216 -0.4155133 -0.0290843 -0.3455579 0.5212691 -1.4888740 -34.5899424 35.3189525 -29.1032628
0.0498485 -0.0023618 -0.4135855 -0.0341942 -0.4680942 0.6448593 -1.5748908 -38.8069469 38.8703526 -22.2835246
0.0531717 -0.0041328 -0.4112273 -0.0395518 -0.6034869 0.7796195 -1.6369806 -42.2320879 41.9894906 -14.8729641
0.0564949 -0.0063728 -0.4084038 -0.0450743 -0.7487883 0.9239410 -1.6737434 -44.7003162 44.5912425 -7.2055747
0.0598182 -0.0091095 -0.4050863 -0.0506762 -0.9005859 1.0759936 -1.6848722 -46.0988982 46.6247234 0.4073686
0.0631414 -0.0123585 -0.4012523 -0.0562727 -1.0551829 1.2338306 -1.6710359 -46.3677072 48.0635312 7.6969570
0.0664646 -0.0161228 -0.3968857 -0.0617827 -1.2087673 1.3954462 -1.6337147 -45.4932879 48.8910256 14.4454796
0.0697879 -0.0203926 -0.3919775 -0.0671312 -1.3575525 1.5587830 -1.5750245 -43.4986428 49.0875790 20.4848422
0.0731111 -0.0251457 -0.3865253 -0.0722511 -1.4978795 1.7217050 -1.4975629 -40.4314377 48.6248386 25.6871226
0.0764343 -0.0303482 -0.3805342 -0.0770847 -1.6262786 1.8819663 -1.4042960 -36.3533907 47.4683701 29.9515690
0.0797576 -0.0359547 -0.3740169 -0.0815847 -1.7395010 2.0372019 -1.2984908 -31.3333307 45.5868463 33.1935658
0.0830808 -0.0419097 -0.3669940 -0.0857150 -1.8345345 2.1849577 -1.1836761 -25.4456489 42.9641272 35.3407440
0.0864040 -0.0481479 -0.3594946 -0.0894519 -1.9086246 2.3227614 -1.0635998 -18.7745060 39.6104268 36.3390551
0.0897273 -0.0545953 -0.3515559 -0.0927842 -1.9593186 2.4482270 -0.9421499 -11.4226610 35.5702026 36.1678291
0.0930505 -0.0611704 -0.3432226 -0.0957139 -1.9845449 2.5591775 -0.8232116 -3.5225565 30.9260872 34.8593033
0.0963737 -0.0677855 -0.3345464 -0.0982557 -1.9827311 2.6537761 -0.7104587 4.7534820 25.7988116 32.5162393
0.0996970 -0.0743486 -0.3255844 -0.1004359 -1.9529511 2.7306484 -0.6070936 13.1871055 20.3430592 29.3210149
0.1030202 -0.0807657 -0.3163972 -0.1022907 -1.8950835 2.7889855 -0.5155776 21.5145248 14.7392903 25.5311690
0.1063434 -0.0869442 -0.3070475 -0.1038627 -1.8099555 2.8286126 -0.4374016 29.4355824 9.1818596 21.4602145
0.1096667 -0.0927955 -0.2975970 -0.1051979 -1.6994409 2.8500124 -0.3729431 36.6316684 3.8640508 17.4469398
0.1129899 -0.0982395 -0.2881050 -0.1063415 -1.5664844 2.8542949 -0.3214411 42.7915342 -1.0394101 13.8183784
0.1163131 -0.1032071 -0.2786260 -0.1073343 -1.4150285 2.8431040 -0.2810997 47.6431248 -5.3915946 10.8507604
0.1196364 -0.1076444 -0.2692084 -0.1082098 -1.2498261 2.8184598 -0.2493219 50.9876490 -9.1117329 8.7323690
0.1229596 -0.1115140 -0.2598932 -0.1089914 -1.0761409 2.7825432 -0.2230603 52.7288123 -12.1872361 7.5349644
0.1262828 -0.1147969 -0.2507143 -0.1096923 -0.8993659 2.7374578 -0.1992410 52.8881535 -14.6730455 7.2034406
0.1296061 -0.1174916 -0.2416988 -0.1103157 -0.7246217 2.6850193 -0.1751829 51.6000199 -16.6753628 7.5708427
0.1329293 -0.1196131 -0.2328684 -0.1108567 -0.5564082 2.6266256 -0.1489217 49.0866962 -18.3236511 8.3969496
0.1362525 -0.1211898 -0.2242410 -0.1113055 -0.3983687 2.5632318 -0.1193729 45.6214913 -19.7405720 9.4189855
0.1395758 -0.1222608 -0.2158320 -0.1116501 -0.2531866 2.4954206 -0.0863188 41.4909718 -21.0198918 10.3987834
0.1428990 -0.1228726 -0.2076553 -0.1118792 -0.1226004 2.4235239 -0.0502577 36.9657715 -22.2176968 11.1540805
0.1462222 -0.1230757 -0.1997241 -0.1119841 -0.0074949 2.3477514 -0.0121836 32.2839180 -23.3559528 11.5702482
0.1495455 -0.1229224 -0.1920510 -0.1119602 0.0919735 2.2682894 0.0266435 27.6445004 -24.4329230 11.5969174
0.1528687 -0.1224644 -0.1846480 -0.1118070 0.1762433 2.1853589 0.0648949 23.2063029 -25.4344465 11.2368522
0.1561919 -0.1217510 -0.1775261 -0.1115288 0.2462134 2.0992402 0.1013288 19.0872722 -26.3427449 10.5324221
0.1595152 -0.1208279 -0.1706955 -0.1111336 0.3031062 2.0102728 0.1348983 15.3643484 -27.1419723 9.5519906
0.1628384 -0.1197364 -0.1641649 -0.1106322 0.3483320 1.9188421 0.1648158 12.0756315 -27.8206344 8.3771794
0.1661616 -0.1185128 -0.1579420 -0.1100381 0.3833665 1.8253639 0.1905769 9.2264147 -28.3712616 7.0921917
0.1694848 -0.1171884 -0.1520327 -0.1093656 0.4096550 1.7302735 0.2119538 6.7986768 -28.7882579 5.7764013
0.1728081 -0.1157900 -0.1464418 -0.1086294 0.4285536 1.6340238 0.2289696 4.7622587 -29.0655364 4.4999307
0.1761313 -0.1143400 -0.1411722 -0.1078437 0.4413072 1.5370904 0.2418624 3.0854474 -29.1956427 3.3202864
0.1794545 -0.1128569 -0.1362255 -0.1070218 0.4490609 1.4399759 0.2510378 1.7423838 -29.1711075 2.2787890
0.1827778 -0.1113554 -0.1316015 -0.1061752 0.4528879 1.3432057 0.2570083 0.7150644 -28.9871855 1.3980684
0.1861010 -0.1098468 -0.1272980 -0.1053136 0.4538136 1.2473136 0.2603300 -0.0103083 -28.6436899 0.6829647
0.1894242 -0.1083391 -0.1233113 -0.1044450 0.4528194 1.1528264 0.2615476 -0.4502482 -28.1437572 0.1252043
0.1927475 -0.1068371 -0.1196358 -0.1035753 0.4508210 1.0602572 0.2611621 -0.6307992 -27.4899656 -0.2903727
0.1960707 -0.1053427 -0.1162643 -0.1027092 0.4486268 0.9701153 0.2596177 -0.5917611 -26.6809440 -0.5806154
0.1993939 -0.1038553 -0.1131879 -0.1018497 0.4468879 0.8829232 0.2573031 -0.3872941 -25.7113211 -0.7610685
0.2027172 -0.1023725 -0.1103960 -0.1009990 0.4460527 0.7992259 0.2545593 -0.0830423 -24.5751284 -0.8452689
0.2060404 -0.1008907 -0.1078759 -0.1001578 0.4463360 0.7195855 0.2516850 0.2492412 -23.2705683 -0.8460671
0.2093636 -0.0994060 -0.1056133 -0.0993262 0.4477093 0.6445589 0.2489359 0.5382093 -21.8039198 -0.7782072
0.2126869 -0.0979150 -0.1035919 -0.0985033 0.4499132 0.5746665 0.2465127 0.7192263 -20.1915959 -0.6606398
0.2160101 -0.0964156 -0.1017938 -0.0976877 0.4524896 0.5103562 0.2445450 0.7395576 -18.4604708 -0.5168548
0.2193333 -0.0949075 -0.1001998 -0.0968779 0.4548286 0.4519696 0.2430775 0.5623559 -16.6468678 -0.3725167
0.2226566 -0.0933926 -0.0987898 -0.0960721 0.4562272 0.3997134 0.2420691 0.1698966 -14.7944801 -0.2514381
0.2259798 -0.0918752 -0.0975431 -0.0952690 0.4559578 0.3536386 0.2414063 -0.4338112 -12.9514432 -0.1719629
0.2293030 -0.0903621 -0.0964393 -0.0944676 0.4533439 0.3136321 0.2409261 -1.2217472 -11.1668170 -0.1451772
0.2326263 -0.0888621 -0.0954586 -0.0936677 0.4478375 0.2794188 0.2404414 -2.1451647 -9.4868560 -0.1749125
0.2359495 -0.0873856 -0.0945822 -0.0928696 0.4390862 0.2505780 0.2397636 -3.1383753 -7.9515861 -0.2587292
0.2392727 -0.0859437 -0.0937931 -0.0920741 0.4269784 0.2265689 0.2387217 -4.1268596 -6.5922821 -0.3892671
0.2425960 -0.0845477 -0.0930763 -0.0912829 0.4116572 0.2067626 0.2371763 -5.0371735 -5.4303389 -0.5558149
0.2459192 -0.0832077 -0.0924189 -0.0904977 0.3934990 0.1904763 0.2350275 -5.8064219 -4.4774330 -0.7461194
0.2492424 -0.0819323 -0.0918103 -0.0897208 0.3730650 0.1770035 0.2322173 -6.3894255 -3.7361185 -0.9483151
0.2525657 -0.0807281 -0.0912424 -0.0889543 0.3510319 0.1656443 0.2287246 -6.7626826 -3.1999919 -1.1527082
0.2558889 -0.0795992 -0.0907094 -0.0882006 0.3281170 0.1557349 0.2245558 -6.9251924 -2.8533606 -1.3531461
0.2592121 -0.0785473 -0.0902073 -0.0874618 0.3050039 0.1466796 0.2197310 -6.8967882 -2.6710751 -1.5476697
0.2625354 -0.0775720 -0.0897345 -0.0867402 0.2822778 0.1379817 0.2142693 -6.7146609 -2.6193117 -1.7380705
0.2658586 -0.0766711 -0.0892902 -0.0860377 0.2603751 0.1292704 0.2081789 -6.4283640 -2.6577316 -1.9283398
0.2691818 -0.0758414 -0.0888753 -0.0853565 0.2395519 0.1203172 0.2014527 -6.0933918 -2.7428333 -2.1227254
0.2725051 -0.0750790 -0.0884906 -0.0846987 0.2198756 0.1110403 0.1940703 -5.7636724 -2.8318827 -2.3241838
0.2758283 -0.0743800 -0.0881372 -0.0840666 0.2012438 0.1014952 0.1860051 -5.4836668 -2.8869543 -2.5333767
0.2791515 -0.0737414 -0.0878160 -0.0834625 0.1834286 0.0918522 0.1772323 -5.2811417 -2.8788188 -2.7480909
0.2824747 -0.0731609 -0.0875267 -0.0828887 0.1661429 0.0823612 0.1677400 -5.1621662 -2.7901404 -2.9630334
0.2857980 -0.0726371 -0.0872686 -0.0823476 0.1491185 0.0733076 0.1575386 -5.1100020 -2.6171777 -3.1696994
0.2891212 -0.0721698 -0.0870395 -0.0818416 0.1321795 0.0649662 0.1466727 -5.0888144 -2.3694117 -3.3559533
0.2924444 -0.0717586 -0.0868368 -0.0813727 0.1152958 0.0575594 0.1352334 -5.0517483 -2.0670255 -3.5057395
0.2957677 -0.0714034 -0.0866569 -0.0809428 0.0986032 0.0512278 0.1233719 -4.9515652 -1.7366140 -3.6001392
0.2990909 -0.0711032 -0.0864963 -0.0805527 0.0823854 0.0460171 0.1113052 -4.7513018 -1.4059499 -3.6205224
0.3024141 -0.0708559 -0.0863511 -0.0802030 0.0670238 0.0418832 0.0993082 -4.4323324 -1.0990840 -3.5529099
0.3057374 -0.0706578 -0.0862179 -0.0798927 0.0529261 0.0387121 0.0876909 -3.9977136 -0.8331653 -3.3916320
0.3090606 -0.0705041 -0.0860938 -0.0796201 0.0404532 0.0363456 0.0767659 -3.4700658 -0.6177152 -3.1411127
0.3123838 -0.0703889 -0.0859763 -0.0793825 0.0298624 0.0346064 0.0668136 -2.8852661 -0.4559775 -2.8158947
0.3157071 -0.0703056 -0.0858638 -0.0791761 0.0212764 0.0333150 0.0580501 -2.2846260 -0.3472328 -2.4394171
0.3190303 -0.0702475 -0.0857549 -0.0789966 0.0146777 0.0322986 0.0506001 -1.7079967 -0.2890434 -2.0418923
0.3223535 -0.0702081 -0.0856491 -0.0788397 0.0099242 0.0313939 0.0444788 -1.1889858 -0.2788342 -1.6573966
0.3256768 -0.0701815 -0.0855463 -0.0787010 0.0067752 0.0304453 0.0395843 -0.4737914 -0.1427151 -0.7364018
0.3290000 -0.0701630 -0.0854468 -0.0785767 0.0067752 0.0304453 0.0395843 -0.4737914 -0.1427151 -0.7364018
