0.0000000 0.0001484 -0.4197941 0.0007365 -0.0055901 -0.0574599 -0.1388662 -0.4738870 -1.7649464 -2.6424398
0.0025051 0.0001353 -0.4199272 0.0003997 -0.0055901 -0.0574599 -0.1388662 -0.4738870 -1.7649464 -2.6424398
0.0050101 0.0001204 -0.4200820 0.0000408 -0.0079643 -0.0663024 -0.1521051 -1.6489101 -3.5373253 -7.1161116
0.0075152 0.0000954 -0.4202594 -0.0003624 -0.0138513 -0.0751822 -0.1745186 -3.1172746 -3.4075616 -10.8868288
0.0100202 0.0000510 -0.4204586 -0.0008336 -0.0235821 -0.0833746 -0.2066492 -4.7020971 -2.9552796 -14.8057009
0.0125253 -0.0000227 -0.4206771 -0.0013977 -0.0374092 -0.0899885 -0.2486967 -6.3713137 -2.1173372 -18.7333560
0.0150303 -0.0001364 -0.4209095 -0.0020796 -0.0555031 -0.0939827 -0.3005052 -8.0924912 -0.8397556 -22.5274734
0.0175354 -0.0003008 -0.4211479 -0.0029032 -0.0779534 -0.0941957 -0.3615616 -9.8346312 0.9175446 -26.0478118
0.0200404 -0.0005269 -0.4213814 -0.0038910 -0.1047756 -0.0893857 -0.4310073 -11.5698892 3.1765360 -29.1616289
0.0225455 -0.0008257 -0.4215958 -0.0050626 -0.1359198 -0.0782810 -0.5076643 -13.2746644 5.9380612 -31.7490421
0.0250505 -0.0012079 -0.4217736 -0.0064345 -0.1712830 -0.0596354 -0.5900732 -14.9297705 9.1801961 -33.7076775
0.0275556 -0.0016839 -0.4218946 -0.0080190 -0.2107194 -0.0322872 -0.6765432 -16.5198276 12.8578148 -34.9562493
0.0300606 -0.0022636 -0.4219354 -0.0098240 -0.2540490 0.0047835 -0.7652076 -18.0321047 16.9033097 -35.4370419
0.0325657 -0.0029567 -0.4218706 -0.0118527 -0.3010621 0.0524000 -0.8540863 -19.4548726 21.2287333 -35.1173001
0.0350707 -0.0037720 -0.4216729 -0.0141031 -0.3515199 0.1111416 -0.9411488 -20.7753537 25.7296474 -33.9895672
0.0375758 -0.0047178 -0.4213138 -0.0165680 -0.4051487 0.1813082 -1.0243775 -21.9776595 30.2906728 -32.0712695
0.0400808 -0.0058018 -0.4207645 -0.0192353 -0.4616301 0.2629009 -1.1018291 -23.0413098 34.7922230 -29.4040155
0.0425859 -0.0070307 -0.4199966 -0.0220883 -0.5205880 0.3556207 -1.1716946 -23.9407626 39.1173941 -26.0527943
0.0450909 -0.0084100 -0.4189828 -0.0251056 -0.5815758 0.4588830 -1.2323562 -24.6460230 43.1578892 -22.1047104
0.0475960 -0.0099444 -0.4176975 -0.0282625 -0.6440671 0.5718461 -1.2824414 -25.1241422 46.8183827 -17.6666083
0.0501010 -0.0116369 -0.4161178 -0.0315308 -0.7074503 0.6934479 -1.3208677 -25.3413784 50.0193618 -12.8612355
0.0526061 -0.0134888 -0.4142233 -0.0348802 -0.7710299 0.8224482 -1.3468775 -25.2657519 52.6987109 -7.8221590
0.0551111 -0.0154998 -0.4119972 -0.0382788 -0.8340342 0.9574737 -1.3600575 -24.8696141 54.8121490 -2.6879574
0.0576162 -0.0176674 -0.4094263 -0.0416942 -0.8956292 1.0970626 -1.3603444 -24.1317970 56.3324008 2.4038550
0.0601212 -0.0199870 -0.4065008 -0.0450942 -0.9549370 1.2397047 -1.3480140 -23.0390687 57.2469316 7.3228412
0.0626263 -0.0224517 -0.4032152 -0.0484479 -1.0110573 1.3838755 -1.3236562 -21.5868697 57.5544909 11.9512310
0.0651313 -0.0250525 -0.3995675 -0.0517259 -1.0630894 1.5280586 -1.2881371 -19.7795100 57.2615020 16.1885337
0.0676364 -0.0277779 -0.3955595 -0.0549016 -1.1101546 1.6707614 -1.2425501 -17.6300996 56.3798075 19.9544450
0.0701414 -0.0306145 -0.3911968 -0.0579512 -1.1514180 1.8105271 -1.1881633 -15.1603334 54.9266303 23.1895343
0.0726465 -0.0335466 -0.3864886 -0.0608544 -1.1861094 1.9459494 -1.1263681 -12.3999228 52.9261522 25.8539716
0.0751515 -0.0365570 -0.3814474 -0.0635944 -1.2135428 2.0756925 -1.0586323 -9.3853917 50.4111880 27.9252024
0.0776566 -0.0396266 -0.3760891 -0.0661582 -1.2331312 2.1985145 -0.9864601 -6.1584559 47.4238303 29.3954641
0.0801616 -0.0427351 -0.3704326 -0.0685367 -1.2443973 2.3132906 -0.9113581 -2.7647644 44.0149091 30.2698249
0.0826667 -0.0458612 -0.3644993 -0.0707242 -1.2469829 2.4190336 -0.8348052 0.7463301 40.2425851 30.5653830
0.0851717 -0.0489826 -0.3583130 -0.0727191 -1.2406581 2.5149100 -0.7582224 4.3209603 36.1704827 30.3118407
0.0876768 -0.0520770 -0.3518994 -0.0745230 -1.2253345 2.6002514 -0.6829398 7.8995168 31.8658082 29.5527137
0.0901818 -0.0551217 -0.3452855 -0.0761407 -1.2010807 2.6745610 -0.6101603 11.4161285 27.3974323 28.3458372
0.0926869 -0.0580945 -0.3384995 -0.0775800 -1.1681385 2.7375153 -0.5409243 14.8000974 22.8333009 26.7621349
0.0951919 -0.0609742 -0.3315703 -0.0788508 -1.1269308 2.7889581 -0.4760793 17.9796685 18.2371456 24.8823882
0.0976970 -0.0637406 -0.3245266 -0.0799652 -1.0780586 2.8288853 -0.4162610 20.8870635 13.6659009 22.7925553
0.1002020 -0.0663754 -0.3173973 -0.0809363 -1.0222845 2.8574257 -0.3618863 23.4630711 9.1693075 20.5788124
0.1027071 -0.0688623 -0.3102106 -0.0817783 -0.9605062 2.8748244 -0.3131591 25.6601390 4.7914479 18.3235525
0.1052121 -0.0711876 -0.3029941 -0.0825053 -0.8937246 2.8814313 -0.2700835 27.4439610 0.5725197 16.1029436
0.1077172 -0.0733400 -0.2957743 -0.0831314 -0.8230092 2.8776928 -0.2324817 28.7940512 -3.4505158 13.9856830
0.1102222 -0.0753110 -0.2885766 -0.0836700 -0.7494635 2.8641439 -0.2000138 29.7037726 -7.2445168 12.0319317
0.1127273 -0.0770949 -0.2814247 -0.0841335 -0.6741903 2.8413970 -0.1722005 30.1801370 -10.7814127 10.2915888
0.1152323 -0.0786887 -0.2743409 -0.0845328 -0.5982579 2.8101279 -0.1484519 30.2435129 -14.0395968 8.8020049
0.1177374 -0.0800922 -0.2673457 -0.0848773 -0.5226672 2.7710572 -0.1281016 29.9270905 -17.0050604 7.5860897
0.1202424 -0.0813073 -0.2604576 -0.0851746 -0.4483202 2.7249308 -0.1104448 29.2756849 -19.6720062 6.6517947
0.1227475 -0.0823383 -0.2536935 -0.0854306 -0.3759931 2.6724985 -0.0947754 28.3434632 -22.0428982 5.9932453
0.1252525 -0.0831911 -0.2470681 -0.0856494 -0.3063166 2.6144937 -0.0804181 27.1905151 -24.1278907 5.5929904
0.1277576 -0.0838730 -0.2405946 -0.0858335 -0.2397659 2.5516153 -0.0667540 25.8786619 -25.9433563 5.4244475
0.1302626 -0.0843923 -0.2342843 -0.0859839 -0.1766619 2.4845148 -0.0532410 24.4672676 -27.5095205 5.4537420
0.1327677 -0.0847581 -0.2281469 -0.0861003 -0.1171824 2.4137898 -0.0394302 23.0098901 -28.8480941 5.6406418
0.1352727 -0.0849794 -0.2221909 -0.0861814 -0.0613800 2.3399830 -0.0249808 21.5522925 -29.9810262 5.9389697
0.1377778 -0.0850656 -0.2164234 -0.0862254 -0.0092032 2.2635819 -0.0096753 20.1317979 -30.9304330 6.2973914
0.1402828 -0.0850256 -0.2108502 -0.0862299 0.0394823 2.1850184 0.0065697 18.7775367 -31.7186227 6.6614623
0.1427879 -0.0848678 -0.2054762 -0.0861925 0.0848741 2.1046684 0.0236993 17.5109643 -32.3672519 6.9772080
0.1452929 -0.0846003 -0.2003056 -0.0861112 0.1272140 2.0228552 0.0415262 16.3460890 -32.8955704 7.1957213
0.1477980 -0.0842304 -0.1953415 -0.0859844 0.1667697 1.9398582 0.0597506 15.2891607 -33.3183567 7.2778195
0.1503030 -0.0837648 -0.1905867 -0.0858118 0.2038143 1.8559268 0.0779889 14.3380586 -33.6443235 7.1977794
0.1528081 -0.0832093 -0.1860431 -0.0855937 0.2386048 1.7712968 0.0958122 13.4819556 -33.8756297 6.9452768
0.1553131 -0.0825694 -0.1817123 -0.0853318 0.2713602 1.6862065 0.1127854 12.7018465 -34.0086121 6.5249992
0.1578182 -0.0818498 -0.1775951 -0.0850286 0.3022423 1.6009102 0.1285031 11.9722598 -34.0352021 5.9541284
0.1603232 -0.0810551 -0.1736916 -0.0846880 0.3313425 1.5156867 0.1426162 11.2640249 -33.9444280 5.2586127
0.1628283 -0.0801897 -0.1700013 -0.0843141 0.3586763 1.4308452 0.1548492 10.5475058 -33.7240129 4.4693383
0.1653333 -0.0792581 -0.1665229 -0.0839121 0.3841865 1.3467260 0.1650080 9.7955196 -33.3624269 3.6189313
0.1678384 -0.0782649 -0.1632541 -0.0834874 0.4077528 1.2636961 0.1729805 8.9854027 -32.8512499 2.7393719
0.1703434 -0.0772152 -0.1601917 -0.0830455 0.4292043 1.1821379 0.1787325 8.1001685 -32.1870346 1.8603113
0.1728485 -0.0761145 -0.1573315 -0.0825919 0.4483355 1.1024358 0.1823008 7.1289862 -31.3719754 1.0080069
0.1753535 -0.0749690 -0.1546683 -0.0821322 0.4649213 1.0249612 0.1837828 6.0672267 -30.4134248 0.2048644
0.1778586 -0.0737852 -0.1521963 -0.0816712 0.4787329 0.9500614 0.1833272 4.9162477 -29.3228591 -0.5305394
0.1803636 -0.0725705 -0.1499084 -0.0812137 0.4895522 0.8780507 0.1811247 3.6830195 -28.1149421 -1.1832601
0.1828687 -0.0713325 -0.1477972 -0.0807637 0.4971852 0.8092027 0.1773989 2.3796271 -26.8069882 -1.7419113
0.1853737 -0.0700795 -0.1458542 -0.0803249 0.5014743 0.7437450 0.1723976 1.0227117 -25.4186877 -2.1987991
0.1878788 -0.0688201 -0.1440709 -0.0799000 0.5023091 0.6818525 0.1663827 -0.3670183 -23.9716996 -2.5502287
0.1903838 -0.0675629 -0.1424381 -0.0794913 0.4996355 0.6236443 0.1596207 -1.7651811 -22.4888295 -2.7969233
0.1928889 -0.0663169 -0.1409464 -0.0791003 0.4934653 0.5691812 0.1523699 -3.1442597 -20.9928878 -2.9443846
0.1953939 -0.0650906 -0.1395864 -0.0787279 0.4838825 0.5184678 0.1448690 -4.4746218 -19.5055561 -3.0029242
0.1978990 -0.0638926 -0.1383488 -0.0783745 0.4710470 0.4714564 0.1373249 -5.7261378 -18.0465028 -2.9871885
0.2004040 -0.0627306 -0.1372244 -0.0780399 0.4551939 0.4280530 0.1299029 -6.8701933 -16.6327374 -2.9151082
0.2029091 -0.0616120 -0.1362042 -0.0777236 0.4366267 0.3881247 0.1227199 -7.8817315 -15.2780714 -2.8062640
0.2054141 -0.0605431 -0.1352799 -0.0774250 0.4157057 0.3515084 0.1158432 -8.7409348 -13.9926829 -2.6798631
0.2079192 -0.0595293 -0.1344432 -0.0771433 0.3928337 0.3180200 0.1092935 -9.4342282 -12.7830009 -2.5528506
0.2104242 -0.0585749 -0.1336865 -0.0768775 0.3684392 0.2874642 0.1030532 -9.9545214 -11.6521098 -2.4386961
0.2129293 -0.0576834 -0.1330029 -0.0766270 0.3429605 0.2596417 0.0970754 -10.3008680 -10.6005820 -2.3469528
0.2154343 -0.0568567 -0.1323857 -0.0763911 0.3168308 0.2343542 0.0912947 -10.4777628 -9.6273985 -2.2832300
0.2179394 -0.0560960 -0.1318288 -0.0761696 0.2904659 0.2114075 0.0856362 -10.4941708 -8.7306632 -2.2491615
0.2204444 -0.0554014 -0.1313265 -0.0759621 0.2642540 0.1906127 0.0800262 -10.3623699 -7.9080270 -2.2422603
0.2229495 -0.0547721 -0.1308738 -0.0757686 0.2385494 0.1717875 0.0744023 -10.0968386 -7.1568887 -2.2559610
0.2254545 -0.0542063 -0.1304659 -0.0755893 0.2136678 0.1547560 0.0687236 -9.7134498 -6.4745249 -2.2802981
0.2279596 -0.0537016 -0.1300985 -0.0754243 0.1898840 0.1393495 0.0629777 -9.2290509 -5.8583396 -2.3033439
0.2304646 -0.0532549 -0.1297677 -0.0752738 0.1674293 0.1254051 0.0571836 -8.6613726 -5.3062393 -2.3130071
0.2329697 -0.0528627 -0.1294702 -0.0751378 0.1464896 0.1127647 0.0513893 -8.0292057 -4.8168432 -2.2986608
0.2354747 -0.0525210 -0.1292027 -0.0750163 0.1272022 0.1012723 0.0456671 -7.3527102 -4.3892577 -2.2524143
0.2379798 -0.0522254 -0.1289628 -0.0749090 0.1096518 0.0907740 0.0401045 -6.6535420 -4.0224855 -2.1701160
0.2404848 -0.0519716 -0.1287480 -0.0748154 0.0938673 0.0811192 0.0347946 -5.9544497 -3.7147136 -2.0520553
0.2429899 -0.0517551 -0.1285564 -0.0747347 0.0798194 0.0721629 0.0298235 -5.2781492 -3.4625790 -1.9031254
0.2454949 -0.0515717 -0.1283864 -0.0746660 0.0674232 0.0637713 0.0252597 -2.4742436 -1.6749403 -0.9109184
0.2480000 -0.0514174 -0.1282369 -0.0746081 0.0674232 0.0637713 0.0252597 -2.4742436 -1.6749403 -0.9109184
