0.0000000 0.0231573 -0.3726513 -0.1258367 -0.0091490 -0.0187981 -0.0009364 0.4611162 0.7295745 -0.2337549
0.0040000 0.0231149 -0.3727344 -0.1258376 -0.0091490 -0.0187981 -0.0009364 0.4611162 0.7295745 -0.2337549
0.0080000 0.0230841 -0.3728017 -0.1258442 -0.0054601 -0.0129615 -0.0028064 1.1373189 1.9639435 -0.5820643
0.0120000 0.0230712 -0.3728381 -0.1258600 -0.0000505 -0.0030865 -0.0055929 1.5892332 3.0413666 -0.8181159
0.0160000 0.0230837 -0.3728264 -0.1258889 0.0072538 0.0113695 -0.0093514 2.0801458 4.2475883 -1.0654150
0.0200000 0.0231293 -0.3727472 -0.1259348 0.0165907 0.0308942 -0.0141162 2.5998506 5.5661139 -1.3184335
0.0240000 0.0232164 -0.3725793 -0.1260018 0.0280526 0.0558984 -0.0198988 3.1357211 6.9749250 -1.5712555
0.0280000 0.0233537 -0.3723000 -0.1260940 0.0416765 0.0866936 -0.0266863 3.6728756 8.4466217 -1.8178779
0.0320000 0.0235498 -0.3718857 -0.1262153 0.0574356 0.1234714 -0.0344419 4.1944928 9.9488808 -2.0524987
0.0360000 0.0238132 -0.3713122 -0.1263695 0.0752324 0.1662847 -0.0431063 4.6823048 11.4452181 -2.2696708
0.0400000 0.0241517 -0.3705554 -0.1265602 0.0948940 0.2150331 -0.0525992 5.1172208 12.8960763 -2.4644658
0.0440000 0.0245723 -0.3695920 -0.1267903 0.1161702 0.2694533 -0.0628220 5.4800671 14.2602673 -2.6327556
0.0480000 0.0250810 -0.3683998 -0.1270627 0.1387345 0.3291152 -0.0736613 5.7525072 15.4967659 -2.7714907
0.0520000 0.0256822 -0.3669590 -0.1273796 0.1621902 0.3934274 -0.0849939 5.9181736 16.5668264 -2.8788962
0.0560000 0.0263785 -0.3652524 -0.1277427 0.1860799 0.4616499 -0.0966924 5.9639048 17.4363440 -2.9547367
0.0600000 0.0271708 -0.3632658 -0.1281532 0.2099015 0.5329181 -0.1086318 5.8808959 18.0782416 -3.0007798
0.0640000 0.0280578 -0.3609890 -0.1286118 0.2331271 0.6062758 -0.1206987 5.6655826 18.4744907 -3.0212877
0.0680000 0.0290359 -0.3584156 -0.1291188 0.2552261 0.6807141 -0.1328021 5.3201306 18.6173723 -3.0232325
0.0720000 0.0300996 -0.3555433 -0.1296742 0.2756882 0.7552148 -0.1448845 4.8524517 18.5097486 -3.0160943
0.0760000 0.0312414 -0.3523739 -0.1302778 0.2940457 0.8287921 -0.1569309 4.2757362 18.1643728 -3.0113033
0.0800000 0.0324519 -0.3489130 -0.1309296 0.3098940 0.9005298 -0.1689750 3.6075643 17.6024168 -3.0214617
0.0840000 0.0337205 -0.3451697 -0.1316296 0.3229063 0.9696114 -0.1811026 2.8686998 16.8513940 -3.0594601
0.0880000 0.0350352 -0.3411561 -0.1323784 0.3328436 1.0353409 -0.1934506 2.0816792 15.9425977 -3.1376020
0.0920000 0.0363833 -0.3368870 -0.1331772 0.3395597 1.0971522 -0.2062034 1.2693502 14.9082879 -3.2668534
0.0960000 0.0377517 -0.3323789 -0.1340281 0.3429984 1.1546072 -0.2195855 0.4536092 13.7791674 -3.4562710
0.1000000 0.0391273 -0.3276501 -0.1349339 0.3431886 1.2073855 -0.2338535 -0.3453788 12.5828357 -3.7125225
0.1040000 0.0404972 -0.3227198 -0.1358989 0.3402354 1.2552699 -0.2492856 -1.1093743 11.3434365 -4.0393102
0.1080000 0.0418491 -0.3176079 -0.1369282 0.3343136 1.2981330 -0.2661680 -1.8218805 10.0818990 -4.4365366
0.1120000 0.0431717 -0.3123347 -0.1380282 0.3256604 1.3359251 -0.2847779 -2.4679287 8.8159616 -4.8992398
0.1160000 0.0444544 -0.3069205 -0.1392064 0.3145701 1.3686607 -0.3053619 -3.0340537 7.5597194 -5.4165205
0.1200000 0.0456882 -0.3013855 -0.1404711 0.3013879 1.3964028 -0.3281101 -3.5085206 6.3229867 -5.9707669
0.1240000 0.0468655 -0.2957493 -0.1418313 0.2865020 1.4192446 -0.3531281 -3.8817450 5.1109613 -6.5374920
0.1280000 0.0479803 -0.2900315 -0.1432962 0.2703340 1.4372905 -0.3804100 -4.1467449 3.9246963 -7.0860080
0.1320000 0.0490282 -0.2842510 -0.1448746 0.2533280 1.4506422 -0.4098161 -4.2994730 2.7624841 -7.5808839
0.1360000 0.0500069 -0.2784264 -0.1465747 0.2359382 1.4593904 -0.4410571 -4.3390654 1.6214754 -7.9838813
0.1400000 0.0509157 -0.2725759 -0.1484030 0.2186155 1.4636140 -0.4736872 -4.2681575 0.4986089 -8.2560988
0.1440000 0.0517558 -0.2667174 -0.1503642 0.2017929 1.4633793 -0.5071059 -4.0932791 -0.6092758 -8.3602697
0.1480000 0.0525300 -0.2608688 -0.1524599 0.1858693 1.4587398 -0.5405694 -3.8251089 -1.7053973 -8.2631823
0.1520000 0.0532428 -0.2550475 -0.1546887 0.1711921 1.4497361 -0.5732114 -3.4783436 -2.7924814 -7.9379838
0.1560000 0.0538996 -0.2492709 -0.1570456 0.1580425 1.4363999 -0.6040732 -3.0711419 -3.8718909 -7.3660639
0.1600000 0.0545071 -0.2435563 -0.1595213 0.1466229 1.4187610 -0.6321399 -2.6243173 -4.9429282 -6.5385296
0.1640000 0.0550726 -0.2379209 -0.1621027 0.1370480 1.3968565 -0.6563815 -2.1604579 -6.0025100 -5.4575320
0.1680000 0.0556035 -0.2323815 -0.1647724 0.1293393 1.3707409 -0.6758001 -1.7029660 -7.0451190 -4.1374482
0.1720000 0.0561073 -0.2269549 -0.1675091 0.1234242 1.3404955 -0.6894810 -1.2748942 -8.0629042 -2.6055501
0.1760000 0.0565909 -0.2216575 -0.1702882 0.1191401 1.3062377 -0.6966445 -0.8975664 -9.0459501 -0.9018278
0.1800000 0.0570604 -0.2165050 -0.1730823 0.1162437 1.2681279 -0.6966957 -0.5891581 -9.9829258 0.9221862
0.1840000 0.0575208 -0.2115125 -0.1758618 0.1144268 1.2263742 -0.6892670 -0.3634274 -10.8623684 2.8057595
0.1880000 0.0579758 -0.2066940 -0.1785964 0.1133363 1.1812290 -0.6742496 -0.2286946 -11.6744545 4.6824835
0.1920000 0.0584275 -0.2020627 -0.1812558 0.1125973 1.1329786 -0.6518072 -0.1871188 -12.4125394 6.4845121
0.1960000 0.0588766 -0.1976302 -0.1838109 0.1118393 1.0819287 -0.6223735 -0.2344031 -13.0737664 8.1468533
0.2000000 0.0593222 -0.1934072 -0.1862348 0.1107221 1.0283885 -0.5866323 -0.3601332 -13.6586624 9.6113302
0.2040000 0.0597624 -0.1894031 -0.1885039 0.1089583 0.9726594 -0.5454829 -0.5488489 -14.1699996 10.8299887
0.2080000 0.0601939 -0.1856260 -0.1905986 0.1063313 0.9150285 -0.4999924 -0.7816746 -14.6111160 11.7675958
0.2120000 0.0606130 -0.1820829 -0.1925039 0.1027049 0.8557704 -0.4513421 -1.0381314 -14.9839197 12.4029203
0.2160000 0.0610155 -0.1787798 -0.1942094 0.0980262 0.7951571 -0.4007691 -1.2977914 -15.2870345 12.7288143
0.2200000 0.0613972 -0.1757216 -0.1957100 0.0923225 0.7334742 -0.3495116 -1.5416266 -15.5145981 12.7513904
0.2240000 0.0617541 -0.1729120 -0.1970055 0.0856932 0.6710403 -0.2987580 -1.7530517 -15.6560413 12.4886413
0.2280000 0.0620828 -0.1703533 -0.1981001 0.0782981 0.6082258 -0.2496024 -1.9187197 -15.6969111 11.9687500
0.2320000 0.0623805 -0.1680462 -0.1990023 0.0703434 0.5454651 -0.2030080 -2.0291169 -15.6205702 11.2281878
0.2360000 0.0626455 -0.1659896 -0.1997241 0.0620652 0.4832613 -0.1597769 -2.0789555 -15.4104944 10.3095664
0.2400000 0.0628770 -0.1641801 -0.2002805 0.0537118 0.4221811 -0.1205314 -2.0672998 -15.0528581 9.2592067
0.2440000 0.0630752 -0.1626121 -0.2006884 0.0455268 0.3628384 -0.0857033 -1.9973522 -14.5390342 8.1245159
0.2480000 0.0632412 -0.1612774 -0.2009661 0.0377330 0.3058688 -0.0555353 -1.8758992 -13.8675725 6.9514122
0.2520000 0.0633771 -0.1601652 -0.2011327 0.0305196 0.2518978 -0.0300920 -1.7124997 -13.0452730 5.7820625
0.2560000 0.0634854 -0.1592622 -0.2012069 0.0240330 0.2015066 -0.0092788 -1.5185098 -12.0871672 4.6531278
0.2600000 0.0635693 -0.1585531 -0.2012069 0.0183715 0.1552005 0.0071330 -1.3060163 -11.0154679 3.5946452
0.2640000 0.0636324 -0.1580206 -0.2011498 0.0135849 0.1133829 0.0194784 -1.0867787 -9.8577498 2.6295831
0.2680000 0.0636780 -0.1576461 -0.2010511 0.0096773 0.0763385 0.0281697 -0.8713209 -8.6447562 1.7739743
0.2720000 0.0637098 -0.1574099 -0.2009244 0.0066143 0.0442248 0.0336702 -0.6683011 -7.4082395 1.0374294
0.2760000 0.0637309 -0.1572923 -0.2007817 0.0043309 0.0170726 0.0364691 -0.4842102 -6.1791119 0.4238444
0.2800000 0.0637444 -0.1572733 -0.2006327 0.0027406 -0.0052080 0.0370609 -0.3233492 -4.9860171 -0.0678119
0.2840000 0.0637529 -0.1573339 -0.2004852 0.0017441 -0.0228156 0.0359266 -0.1879824 -3.8543369 -0.4426833
0.2880000 0.0637584 -0.1574558 -0.2003453 0.0012368 -0.0360427 0.0335195 -0.0785823 -2.8055763 -0.7092252
0.2920000 0.0637628 -0.1576223 -0.2002171 0.0011154 -0.0452602 0.0302528 0.0058605 -1.8570044 -0.8784525
0.2960000 0.0637673 -0.1578179 -0.2001033 0.0012836 -0.0508988 0.0264918 0.0674658 -1.0214511 -0.9632272
0.3000000 0.0637730 -0.1580294 -0.2000051 0.0016552 -0.0534318 0.0225470 0.1090500 -0.3072315 -0.9775550
0.3040000 0.0637805 -0.1582454 -0.1999229 0.0021560 -0.0533566 0.0186714 0.1337108 0.2817854 -0.9358793
0.3080000 0.0637903 -0.1584563 -0.1998558 0.0027248 -0.0511775 0.0150600 0.1444779 0.7459442 -0.8524153
0.3120000 0.0638023 -0.1586548 -0.1998024 0.0033119 -0.0473891 0.0118521 0.1440777 1.0894102 -0.7405833
0.3160000 0.0638168 -0.1588354 -0.1997609 0.0038775 -0.0424622 0.0091353 0.1348136 1.3196382 -0.6125795
0.3200000 0.0638334 -0.1589945 -0.1997293 0.0043904 -0.0368320 0.0069514 0.1185507 1.4467218 -0.4790751
0.3240000 0.0638519 -0.1591301 -0.1997053 0.0048259 -0.0308884 0.0053027 0.0967891 1.4826541 -0.3490148
0.3280000 0.0638720 -0.1592416 -0.1996869 0.0051647 -0.0249707 0.0041593 0.0707895 1.4405789 -0.2295107
0.3320000 0.0638932 -0.1593298 -0.1996721 0.0053922 -0.0193638 0.0034666 0.0417041 1.3341290 -0.1258194
0.3360000 0.0639151 -0.1593965 -0.1996592 0.0054983 -0.0142977 0.0031528 0.0106854 1.1769021 -0.0413573
0.3400000 0.0639372 -0.1594442 -0.1996468 0.0054777 -0.0099486 0.0031358 -0.0210412 0.9820636 0.0222661
0.3440000 0.0639589 -0.1594761 -0.1996341 0.0053300 -0.0064412 0.0033309 -0.0521529 0.7620500 0.0651432
0.3480000 0.0639798 -0.1594957 -0.1996202 0.0050604 -0.0038522 0.0036569 -0.0812530 0.5283525 0.0888396
0.3520000 0.0639994 -0.1595069 -0.1996048 0.0046800 -0.0022144 0.0040416 -0.1069360 0.2913854 0.0960377
0.3560000 0.0640173 -0.1595135 -0.1995879 0.0042050 -0.0015211 0.0044252 -0.1279126 0.0604329 0.0900643
0.3600000 0.0640331 -0.1595191 -0.1995694 0.0036567 -0.0017309 0.0047621 -0.1431920 -0.1563450 0.0743632
0.3640000 0.0640465 -0.1595273 -0.1995498 0.0030594 -0.0027719 0.0050201 -0.1522411 -0.3519172 0.0520814
0.3680000 0.0640575 -0.1595413 -0.1995293 0.0024387 -0.0045463 0.0051788 -0.1550131 -0.5204680 0.0259085
0.3720000 0.0640660 -0.1595637 -0.1995083 0.0018193 -0.0069356 0.0052274 -0.1518422 -0.6575655 -0.0018914
0.3760000 0.0640721 -0.1595968 -0.1994874 0.0012240 -0.0098068 0.0051636 -0.1433038 -0.7603229 -0.0294126
0.3800000 0.0640758 -0.1596421 -0.1994670 0.0006729 -0.0130182 0.0049921 -0.1301401 -0.8274367 -0.0550917
0.3840000 0.0640775 -0.1597009 -0.1994475 0.0001829 -0.0164263 0.0047229 -0.1132778 -0.8590156 -0.0777374
0.3880000 0.0640773 -0.1597735 -0.1994292 -0.0002333 -0.0198903 0.0043702 -0.0938797 -0.8562051 -0.0965549
0.3920000 0.0640756 -0.1598600 -0.1994125 -0.0005682 -0.0232759 0.0039505 -0.0733197 -0.8207609 -0.1110959
0.3960000 0.0640727 -0.1599598 -0.1993976 -0.0008199 -0.0264564 0.0034814 -0.0530134 -0.7548155 -0.1211331
0.4000000 0.0640690 -0.1600717 -0.1993847 -0.0009923 -0.0293144 0.0029814 -0.0341693 -0.6609777 -0.1265471
0.4040000 0.0640648 -0.1601943 -0.1993738 -0.0010932 -0.0317442 0.0024691 -0.0175932 -0.5426850 -0.1273058
0.4080000 0.0640603 -0.1603256 -0.1993649 -0.0011330 -0.0336559 0.0019630 -0.0036402 -0.4045639 -0.1235207
0.4120000 0.0640557 -0.1604635 -0.1993581 -0.0011224 -0.0349807 0.0014809 0.0076875 -0.2525625 -0.1155188
0.4160000 0.0640513 -0.1606055 -0.1993531 -0.0010715 -0.0356764 0.0010388 0.0165631 -0.0937420 -0.1039047
0.4200000 0.0640472 -0.1607489 -0.1993498 -0.0009899 -0.0357307 0.0006496 0.0231634 0.0642538 -0.0896143
0.4240000 0.0640434 -0.1608913 -0.1993479 -0.0008862 -0.0351624 0.0003219 0.0275731 0.2139358 -0.0739307
0.4280000 0.0640401 -0.1610302 -0.1993472 -0.0007693 -0.0340192 0.0000582 0.0297967 0.3487395 -0.0583726
0.4320000 0.0640372 -0.1611635 -0.1993474 -0.0006478 -0.0323725 -0.0001451 0.0298529 0.4636408 -0.0444247
0.4360000 0.0640349 -0.1612892 -0.1993484 -0.0005305 -0.0303101 -0.0002972 0.0278691 0.5554771 -0.0332106
0.4400000 0.0640330 -0.1614060 -0.1993498 -0.0004249 -0.0279287 -0.0004108 0.0241176 0.6229230 -0.0252768
0.4440000 0.0640315 -0.1615126 -0.1993516 -0.0003375 -0.0253267 -0.0004994 0.0190082 0.6661868 -0.0205526
0.4480000 0.0640303 -0.1616086 -0.1993538 -0.0002728 -0.0225992 -0.0005752 0.0130828 0.6865889 -0.0184372
0.4520000 0.0640293 -0.1616934 -0.1993562 -0.0002329 -0.0198340 -0.0006469 0.0069977 0.6861874 -0.0179542
0.4560000 0.0640284 -0.1617672 -0.1993590 -0.0002168 -0.0171097 -0.0007188 0.0014532 0.6675103 -0.0179497
0.4600000 0.0640276 -0.1618303 -0.1993620 -0.0002212 -0.0144939 -0.0007905 -0.0029249 0.6333656 -0.0173102
0.4640000 0.0640267 -0.1618832 -0.1993653 -0.0002402 -0.0120427 -0.0008573 -0.0056874 0.5867039 -0.0151548
0.4680000 0.0640257 -0.1619266 -0.1993689 -0.0002667 -0.0098003 -0.0009117 -0.0066147 0.5305426 -0.0109830
0.4720000 0.0640245 -0.1619616 -0.1993726 -0.0002932 -0.0077984 -0.0009452 -0.0057409 0.4679529 -0.0047740
0.4760000 0.0640233 -0.1619890 -0.1993764 -0.0003127 -0.0060566 -0.0009499 -0.0024371 0.2177193 -0.0005949
0.4800000 0.0640220 -0.1620100 -0.1993802 -0.0003127 -0.0060566 -0.0009499 -0.0024371 0.2177193 -0.0005949
