0.0000000 0.0187925 -0.3765293 -0.1257448 -0.0128085 0.0661634 0.0270931 -0.0946451 1.8034439 0.7204938
0.0040000 0.0187415 -0.3762896 -0.1256486 -0.0128085 0.0661634 0.0270931 -0.0946451 1.8034439 0.7204938
0.0080000 0.0186900 -0.3760000 -0.1255281 -0.0135657 0.0805910 0.0328570 -0.3619083 4.0970578 1.3384851
0.0120000 0.0186330 -0.3756449 -0.1253857 -0.0157038 0.0989399 0.0378010 -0.7322301 5.0707785 1.0768684
0.0160000 0.0185644 -0.3752085 -0.1252257 -0.0194235 0.1211572 0.0414720 -1.1512442 6.0129816 0.6958736
0.0200000 0.0184776 -0.3746756 -0.1250539 -0.0249137 0.1470437 0.0433679 -1.6158643 6.8874610 0.1842007
0.0240000 0.0183651 -0.3740321 -0.1248787 -0.0323504 0.1762569 0.0429456 -2.1228682 7.6595972 -0.4670852
0.0280000 0.0182188 -0.3732656 -0.1247104 -0.0418967 0.2083205 0.0396313 -2.6691069 8.2982029 -1.2637141
0.0320000 0.0180299 -0.3723656 -0.1245617 -0.0537033 0.2426425 0.0328359 -3.2516212 8.7775033 -2.2071496
0.0360000 0.0177892 -0.3713244 -0.1244477 -0.0679097 0.2785405 0.0219741 -3.8676670 9.0791317 -3.2935288
0.0400000 0.0174866 -0.3701372 -0.1243859 -0.0846446 0.3152755 0.0064876 -4.5146556 9.1938890 -4.5127862
0.0440000 0.0171120 -0.3688022 -0.1243958 -0.1040269 0.3520916 -0.0141282 -5.1899537 9.1229660 -5.8479691
0.0480000 0.0166544 -0.3673205 -0.1244989 -0.1261643 0.3882593 -0.0402961 -5.8905277 8.8784347 -7.2748250
0.0520000 0.0161027 -0.3656961 -0.1247182 -0.1511511 0.4231191 -0.0723268 -6.6125364 8.4829607 -8.7619341
0.0560000 0.0154452 -0.3639356 -0.1250775 -0.1790646 0.4561230 -0.1103916 -7.3509937 7.9687972 -10.2715468
0.0600000 0.0146702 -0.3620472 -0.1256013 -0.2099591 0.4868695 -0.1544992 -8.0995017 7.3761879 -11.7609364
0.0640000 0.0137655 -0.3600406 -0.1263135 -0.2438606 0.5151325 -0.2044791 -8.8499967 6.7513308 -13.1840019
0.0680000 0.0127193 -0.3579261 -0.1272371 -0.2807591 0.5408801 -0.2599712 -9.5925094 6.1440010 -14.4930803
0.0720000 0.0115195 -0.3557136 -0.1283933 -0.3206006 0.5642845 -0.3204237 -10.3149341 5.6048106 -15.6409492
0.0760000 0.0101545 -0.3534118 -0.1298005 -0.3632785 0.5857186 -0.3850988 -11.0026901 5.1820008 -16.5827381
0.0800000 0.0086132 -0.3510278 -0.1314741 -0.4086222 0.6057405 -0.4530856 -11.6381927 4.9178716 -17.2774046
0.0840000 0.0068855 -0.3485659 -0.1334252 -0.4563841 0.6250616 -0.5233180 -12.2002943 4.8453993 -17.6887652
0.0880000 0.0049622 -0.3460273 -0.1356606 -0.5062245 0.6445037 -0.5945958 -12.6640369 4.9857360 -17.7864127
0.0920000 0.0028357 -0.3434099 -0.1381820 -0.5576964 0.6649475 -0.6656093 -13.0009676 5.3468903 -17.5468316
0.0960000 0.0005006 -0.3407077 -0.1409855 -0.6102323 0.6872788 -0.7349704 -13.1800463 5.9234355 -16.9547023
0.1000000 -0.0020461 -0.3379116 -0.1440617 -0.6631367 0.7123350 -0.8012470 -13.1690435 6.6969741 -16.0041480
0.1040000 -0.0048045 -0.3350091 -0.1473955 -0.7155846 0.7408546 -0.8630036 -12.9363420 7.6371931 -14.6997321
0.1080000 -0.0077708 -0.3319848 -0.1509658 -0.7666275 0.7734325 -0.9188448 -12.4531127 8.7034181 -13.0571808
0.1120000 -0.0109375 -0.3288216 -0.1547462 -0.8152095 0.8104819 -0.9674610 -11.6958013 9.8466243 -11.1038235
0.1160000 -0.0142925 -0.3255009 -0.1587054 -0.8601939 0.8522055 -1.0076754 -10.6487870 11.0119019 -8.8786740
0.1200000 -0.0178191 -0.3220040 -0.1628076 -0.9003998 0.8985771 -1.0384904 -9.3070693 12.1413621 -6.4321641
0.1240000 -0.0214957 -0.3183123 -0.1670134 -0.9346504 0.9493364 -1.0591327 -7.6788018 13.1773463 -3.8256078
0.1280000 -0.0252963 -0.3144093 -0.1712807 -0.9618302 1.0039959 -1.0690953 -5.7872090 14.0655541 -1.1301457
0.1320000 -0.0291903 -0.3102804 -0.1755661 -0.9809481 1.0618608 -1.0681739 -3.6710935 14.7575341 1.5755547
0.1360000 -0.0331439 -0.3059144 -0.1798261 -0.9911990 1.1220562 -1.0564909 -1.3833378 15.2122192 4.2093732
0.1400000 -0.0371199 -0.3013039 -0.1840181 -0.9920148 1.1835586 -1.0344989 1.0124423 15.3967102 6.6911717
0.1440000 -0.0410800 -0.2964459 -0.1881021 -0.9830994 1.2452299 -1.0029615 3.4463130 15.2867966 8.9484442
0.1480000 -0.0449847 -0.2913421 -0.1920417 -0.9644443 1.3058530 -0.9629114 5.8466350 14.8675442 10.9211228
0.1520000 -0.0487955 -0.2859991 -0.1958054 -0.9363263 1.3641702 -0.9155925 8.1441999 14.1340222 12.5649800
0.1560000 -0.0524753 -0.2804287 -0.1993665 -0.8992907 1.4189251 -0.8623915 10.2754665 13.0920671 13.8534482
0.1600000 -0.0559899 -0.2746477 -0.2027045 -0.8541226 1.4689068 -0.8047649 12.1847736 11.7588277 14.7779027
0.1640000 -0.0593083 -0.2686775 -0.2058046 -0.8018125 1.5129958 -0.7441683 13.8256937 10.1627591 15.3466426
0.1680000 -0.0624044 -0.2625437 -0.2086578 -0.7435171 1.5502088 -0.6819918 15.1618078 8.3427860 15.5828742
0.1720000 -0.0652565 -0.2562758 -0.2112605 -0.6805181 1.5797380 -0.6195053 16.1671349 6.3464750 15.5219682
0.1760000 -0.0678485 -0.2499058 -0.2136139 -0.6141800 1.6009806 -0.5578160 16.8263419 4.2272466 15.2082103
0.1800000 -0.0701699 -0.2434679 -0.2157231 -0.5459073 1.6135560 -0.4978396 17.1347847 2.0409446 14.6912214
0.1840000 -0.0722158 -0.2369974 -0.2175966 -0.4771017 1.6173082 -0.4402863 17.0983896 -0.1577113 14.0222033
0.1880000 -0.0739867 -0.2305295 -0.2192454 -0.4091202 1.6122943 -0.3856620 16.7333333 -2.3182681 13.2502270
0.1920000 -0.0754887 -0.2240990 -0.2206819 -0.3432350 1.5987620 -0.3342844 16.0654192 -4.3968695 12.4189128
0.1960000 -0.0767326 -0.2177394 -0.2219196 -0.2805968 1.5771194 -0.2863107 15.1290938 -6.3575382 11.5639583
0.2000000 -0.0777335 -0.2114821 -0.2229724 -0.2222023 1.5479017 -0.2417728 13.9661744 -8.1724324 10.7119214
0.2040000 -0.0785102 -0.2053562 -0.2238538 -0.1688674 1.5117399 -0.2006153 12.6243821 -9.8213381 9.8803837
0.2080000 -0.0790844 -0.1993881 -0.2245773 -0.1212072 1.4693310 -0.1627297 11.1556332 -11.2907123 9.0792268
0.2120000 -0.0794799 -0.1936015 -0.2251557 -0.0796224 1.4214142 -0.1279815 9.6139478 -12.5725298 8.3124753
0.2160000 -0.0797214 -0.1880168 -0.2256012 -0.0442957 1.3687508 -0.0962299 8.0529347 -13.6631560 7.5801386
0.2200000 -0.0798342 -0.1826515 -0.2259255 -0.0151989 1.3121090 -0.0673404 6.5230305 -14.5624630 6.8796820
0.2240000 -0.0798430 -0.1775199 -0.2261399 0.0078886 1.2522511 -0.0411924 5.0688591 -15.2733011 6.2070530
0.2280000 -0.0797711 -0.1726335 -0.2262550 0.0253520 1.1899226 -0.0176840 3.7271320 -15.8012902 5.5574361
0.2320000 -0.0796402 -0.1680006 -0.2262813 0.0377056 1.1258408 0.0032670 2.5253773 -16.1547885 4.9259394
0.2360000 -0.0794695 -0.1636268 -0.2262289 0.0455550 1.0606842 0.0217235 1.4815639 -16.3448858 4.3083041
0.2400000 -0.0792757 -0.1595151 -0.2261076 0.0495582 0.9950817 0.0377335 0.6045168 -16.3852778 3.7016015
0.2440000 -0.0790730 -0.1556661 -0.2259270 0.0503911 0.9296020 0.0513364 -0.1050495 -16.2918894 3.1048285
0.2480000 -0.0788726 -0.1520783 -0.2256969 0.0487178 0.8647466 0.0625721 -0.6530992 -16.0821852 2.5192833
0.2520000 -0.0786833 -0.1487481 -0.2254265 0.0451663 0.8009445 0.0714906 -1.0507022 -15.7742255 1.9485906
0.2560000 -0.0785113 -0.1456707 -0.2251249 0.0403121 0.7385528 0.0781608 -1.3125582 -15.3856117 1.3982839
0.2600000 -0.0783608 -0.1428397 -0.2248012 0.0346659 0.6778597 0.0826769 -1.4557151 -14.9324851 0.8749959
0.2640000 -0.0782340 -0.1402478 -0.2244635 0.0286664 0.6190929 0.0851608 -1.4984387 -14.4287475 0.3854922
0.2680000 -0.0781314 -0.1378870 -0.2241199 0.0226784 0.5624297 0.0857608 -1.4591801 -13.8856268 -0.0641109
0.2720000 -0.0780525 -0.1357484 -0.2237774 0.0169930 0.5080079 0.0846479 -1.3556850 -13.3116009 -0.4686995
0.2760000 -0.0779955 -0.1338229 -0.2234427 0.0118329 0.4559369 0.0820112 -1.2043511 -12.7125774 -0.8240986
0.2800000 -0.0779579 -0.1321009 -0.2231214 0.0073582 0.4063073 0.0780551 -1.0199168 -12.0922199 -1.1268581
0.2840000 -0.0779366 -0.1305725 -0.2228183 0.0036735 0.3591991 0.0729964 -0.8154852 -11.4523455 -1.3741886
0.2880000 -0.0779285 -0.1292273 -0.2225374 0.0008343 0.3146885 0.0670616 -0.6027733 -10.7933523 -1.5641734
0.2920000 -0.0779300 -0.1280549 -0.2222818 -0.0011486 0.2728523 0.0604830 -0.3923706 -10.1146927 -1.6961665
0.2960000 -0.0779377 -0.1270445 -0.2220535 -0.0023047 0.2337709 0.0534923 -0.1937995 -9.4154582 -1.7711489
0.3000000 -0.0779484 -0.1261848 -0.2218538 -0.0026990 0.1975286 0.0463138 -0.0153251 -8.6950951 -1.7918289
0.3040000 -0.0779593 -0.1254643 -0.2216830 -0.0024273 0.1642102 0.0391576 0.1363694 -7.9541819 -1.7624595
0.3080000 -0.0779678 -0.1248711 -0.2215406 -0.0016081 0.1338952 0.0322141 0.2564757 -7.1951644 -1.6885313
0.3120000 -0.0779721 -0.1243931 -0.2214253 -0.0003755 0.1066489 0.0256494 0.3422109 -6.4229285 -1.5765161
0.3160000 -0.0779708 -0.1240179 -0.2213354 0.0011296 0.0825117 0.0196020 0.3927965 -5.6450536 -1.4337056
0.3200000 -0.0779631 -0.1237330 -0.2212685 0.0027669 0.0614884 0.0141798 0.4093098 -4.8716188 -1.2680636
0.3240000 -0.0779487 -0.1235260 -0.2212219 0.0044041 0.0435388 0.0094575 0.3944768 -4.1145566 -1.0879747
0.3280000 -0.0779279 -0.1233847 -0.2211928 0.0059227 0.0285720 0.0054760 0.3524256 -3.3866969 -0.9018361
0.3320000 -0.0779013 -0.1232974 -0.2211781 0.0072235 0.0164452 0.0022428 0.2883799 -2.7007140 -0.7175516
0.3360000 -0.0778701 -0.1232531 -0.2211749 0.0082298 0.0069663 -0.0002645 0.2082953 -2.0681799 -0.5420484
0.3400000 -0.0778355 -0.1232417 -0.2211802 0.0088898 -0.0001002 -0.0020936 0.1184927 -1.4988333 -0.3809135
0.3440000 -0.0777989 -0.1232539 -0.2211916 0.0091777 -0.0050244 -0.0033118 0.0359820 -0.6155203 -0.1522719
0.3480000 -0.0777620 -0.1232819 -0.2212067 0.0091777 -0.0050244 -0.0033118 0.0359820 -0.6155203 -0.1522719
