0.0000000 0.0172191 -0.3863176 -0.1019019 -0.0335331 -0.0076625 -0.0052640 -0.1402568 -0.2236607 -0.3194613
0.0040000 0.0170888 -0.3863438 -0.1019186 -0.0335331 -0.0076625 -0.0052640 -0.1402568 -0.2236607 -0.3194613
0.0080000 0.0169509 -0.3863789 -0.1019440 -0.0346551 -0.0094518 -0.0078197 -0.0640912 -0.3164256 -0.7435150
0.0120000 0.0168115 -0.3864194 -0.1019812 -0.0340458 -0.0101939 -0.0112121 0.4193176 -0.0124403 -0.9592128
0.0160000 0.0166785 -0.3864605 -0.1020337 -0.0313006 -0.0095513 -0.0154934 1.0049472 0.3789625 -1.1850397
0.0200000 0.0165611 -0.3864958 -0.1021051 -0.0260062 -0.0071622 -0.0206925 1.6934258 0.8630714 -1.4147953
0.0240000 0.0164705 -0.3865178 -0.1021992 -0.0177532 -0.0026467 -0.0268118 2.4820432 1.4434574 -1.6415184
0.0280000 0.0164191 -0.3865170 -0.1023196 -0.0061499 0.0043855 -0.0338246 3.3643373 2.1216563 -1.8575983
0.0320000 0.0164213 -0.3864827 -0.1024698 0.0091615 0.0143265 -0.0416726 4.3297647 2.8969069 -2.0549173
0.0360000 0.0164924 -0.3864024 -0.1026530 0.0284882 0.0275607 -0.0502639 5.3634845 3.7659257 -2.2250788
0.0400000 0.0166492 -0.3862622 -0.1028719 0.0520694 0.0444539 -0.0594732 6.4463140 4.7227106 -2.3597783
0.0440000 0.0169090 -0.3860468 -0.1031288 0.0800587 0.0653424 -0.0691422 7.5549193 5.7584271 -2.4513158
0.0480000 0.0172896 -0.3857395 -0.1034251 0.1125087 0.0905214 -0.0790837 8.6622863 6.8614622 -2.4931971
0.0520000 0.0178090 -0.3853226 -0.1037615 0.1493570 0.1202341 -0.0890877 9.7384662 8.0176654 -2.4807852
0.0560000 0.0184845 -0.3847776 -0.1041378 0.1904165 0.1546627 -0.0989300 10.7515453 9.2106555 -2.4119801
0.0600000 0.0193324 -0.3840853 -0.1045529 0.2353694 0.1939194 -0.1083836 11.6687847 10.4220323 -2.2879138
0.0640000 0.0203674 -0.3832262 -0.1050049 0.2837667 0.2380389 -0.1172333 12.4579047 11.6314665 -2.1136321
0.0680000 0.0216025 -0.3821810 -0.1054908 0.3350326 0.2869711 -0.1252926 13.0884941 12.8167724 -1.8986564
0.0720000 0.0230477 -0.3809305 -0.1060072 0.3884747 0.3405731 -0.1324226 13.5334918 13.9540705 -1.6572400
0.0760000 0.0247103 -0.3794564 -0.1065502 0.4433006 0.3986036 -0.1385506 13.7706284 15.0180869 -1.4081496
0.0800000 0.0265941 -0.3777416 -0.1071156 0.4986397 0.4607178 -0.1436878 13.7836718 15.9826241 -1.1738961
0.0840000 0.0286994 -0.3757707 -0.1076997 0.5535699 0.5264646 -0.1479417 13.5633300 16.8212779 -0.9794293
0.0880000 0.0310227 -0.3735299 -0.1082991 0.6071464 0.5952880 -0.1515232 13.1077158 17.5085049 -0.8504085
0.0920000 0.0335566 -0.3710083 -0.1089119 0.6584317 0.6665327 -0.1547450 12.4223303 18.0210817 -0.8112497
0.0960000 0.0362901 -0.3681977 -0.1095371 0.7065250 0.7394567 -0.1580132 11.5195742 18.3398380 -0.8831336
0.1000000 0.0392088 -0.3650927 -0.1101760 0.7505883 0.8132514 -0.1618101 10.4178639 18.4514258 -1.0820416
0.1040000 0.0422948 -0.3616916 -0.1108316 0.7898679 0.8870681 -0.1666695 9.1405002 18.3498149 -1.4168516
0.1080000 0.0455277 -0.3579962 -0.1115093 0.8237123 0.9600499 -0.1731449 7.7144463 18.0371517 -1.8876384
0.1120000 0.0488845 -0.3540112 -0.1122167 0.8515835 1.0313653 -0.1817706 6.1691118 17.5237085 -2.4844315
0.1160000 0.0523404 -0.3497452 -0.1129635 0.8730651 1.1002396 -0.1930203 4.5351985 16.8269471 -3.1867031
0.1200000 0.0558690 -0.3452093 -0.1137609 0.8878651 1.1659809 -0.2072642 2.8436657 15.9699664 -3.9638278
0.1240000 0.0594433 -0.3404174 -0.1146216 0.8958145 1.2279993 -0.2247310 1.1248420 14.9795987 -4.7766423
0.1280000 0.0630356 -0.3353853 -0.1155587 0.8968638 1.2858177 -0.2454774 -0.5923225 13.8843183 -5.5800321
0.1320000 0.0666182 -0.3301308 -0.1165854 0.8910759 1.3390738 -0.2693712 -2.2808601 12.7121619 -6.3262752
0.1360000 0.0701642 -0.3246727 -0.1177137 0.8786169 1.3875150 -0.2960876 -3.9162097 11.4889070 -6.9687528
0.1400000 0.0736472 -0.3190307 -0.1189541 0.8597462 1.4309851 -0.3251212 -5.4764018 10.2366981 -7.4655943
0.1440000 0.0770421 -0.3132249 -0.1203147 0.8348057 1.4694085 -0.3558123 -6.9419586 8.9732175 -7.7828600
0.1480000 0.0803256 -0.3072755 -0.1218006 0.8042105 1.5027708 -0.3873841 -8.2955474 7.7114230 -7.8969527
0.1520000 0.0834758 -0.3012027 -0.1234138 0.7684413 1.5310999 -0.4189880 -9.5215350 6.4597537 -7.7960529
0.1560000 0.0864731 -0.2950267 -0.1251525 0.7280383 1.5544489 -0.4497525 -10.6056127 5.2225958 -7.4804966
0.1600000 0.0893001 -0.2887671 -0.1270118 0.6835964 1.5728807 -0.4788319 -11.5346041 4.0008244 -6.9621991
0.1640000 0.0919419 -0.2824436 -0.1289832 0.6357614 1.5864555 -0.5054501 -12.2965221 2.7923579 -6.2633814
0.1680000 0.0943862 -0.2760755 -0.1310554 0.5852243 1.5952196 -0.5289390 -12.8809366 1.5927507 -5.4148734
0.1720000 0.0966237 -0.2696818 -0.1332147 0.5327139 1.5991975 -0.5487691 -13.2796529 0.3958605 -4.4541561
0.1760000 0.0986479 -0.2632819 -0.1354455 0.4789870 1.5983864 -0.5645722 -13.4876143 -0.8053966 -3.4231786
0.1800000 0.1004556 -0.2568948 -0.1377313 0.4248130 1.5927543 -0.5761545 -13.5038875 -2.0182171 -2.3659536
0.1840000 0.1020464 -0.2505398 -0.1400548 0.3709559 1.5822407 -0.5834999 -13.3325858 -3.2490296 -1.3260180
0.1880000 0.1034232 -0.2442368 -0.1423993 0.3181523 1.5667621 -0.5867627 -12.9835770 -4.5025578 -0.3439545
0.1920000 0.1045917 -0.2380058 -0.1447489 0.2670873 1.5462202 -0.5862515 -12.4728037 -5.7808384 0.5448096
0.1960000 0.1055599 -0.2318671 -0.1470893 0.2183699 1.5205154 -0.5824042 -11.8220713 -7.0822366 1.3117685
0.2000000 0.1063386 -0.2258416 -0.1494081 0.1725107 1.4895624 -0.5757574 -11.0582206 -8.4005246 1.9365644
0.2040000 0.1069400 -0.2199506 -0.1516953 0.1299041 1.4533112 -0.5669117 -10.2116996 -9.7241625 2.4076374
0.2080000 0.1073779 -0.2142151 -0.1539434 0.0908171 1.4117691 -0.5564963 -9.3146629 -11.0360056 2.7223553
0.2120000 0.1076666 -0.2086564 -0.1561473 0.0553868 1.3650231 -0.5451329 -8.3988123 -12.3136400 2.8867788
0.2160000 0.1078209 -0.2032950 -0.1583045 0.0236266 1.3132599 -0.5334020 -7.4932333 -13.5304266 2.9152073
0.2200000 0.1078556 -0.1981503 -0.1604145 -0.0045590 1.2567797 -0.5218112 -6.6224635 -14.6571700 2.8295331
0.2240000 0.1077845 -0.1932407 -0.1624790 -0.0293531 1.1960026 -0.5107658 -5.8049934 -15.6641780 2.6582896
0.2280000 0.1076208 -0.1885823 -0.1645006 -0.0509990 1.1314663 -0.5005449 -5.0523461 -16.5234423 2.4352379
0.2320000 0.1073765 -0.1841890 -0.1664833 -0.0697718 1.0638150 -0.4912839 -4.3688184 -17.2107156 2.1974065
0.2360000 0.1070626 -0.1800718 -0.1684309 -0.0859495 0.9937806 -0.4829656 -3.7519197 -17.7072577 1.9826242
0.2400000 0.1066889 -0.1762387 -0.1703470 -0.0997872 0.9221570 -0.4754229 -3.1934826 -18.0010268 1.8267398
0.2440000 0.1062643 -0.1726945 -0.1722343 -0.1114974 0.8497723 -0.4683517 -2.6813379 -18.0871515 1.7608748
0.2480000 0.1057969 -0.1694406 -0.1740938 -0.1212379 0.7774598 -0.4613359 -2.2013729 -17.9676440 1.8090693
0.2520000 0.1052944 -0.1664749 -0.1759250 -0.1291084 0.7060312 -0.4538792 -1.7397553 -17.6504875 1.9865028
0.2560000 0.1047640 -0.1637923 -0.1777249 -0.1351559 0.6362559 -0.4454438 -1.2850780 -17.1484358 2.2982943
0.2600000 0.1042131 -0.1613848 -0.1794885 -0.1393890 0.5688437 -0.4354928 -0.8301219 -16.4778834 2.7388792
0.2640000 0.1036489 -0.1592416 -0.1812088 -0.1417969 0.5044328 -0.4235328 -0.3729054 -15.6579966 3.2920920
0.2680000 0.1030788 -0.1573494 -0.1828768 -0.1423722 0.4435797 -0.4091561 0.0831881 -14.7101215 3.9321348
0.2720000 0.1025099 -0.1556929 -0.1844821 -0.1411314 0.3867518 -0.3920757 0.5301736 -13.6574223 4.6254799
0.2760000 0.1019497 -0.1542553 -0.1860134 -0.1381308 0.3343204 -0.3721522 0.9568523 -12.5246570 5.3335029
0.2800000 0.1014049 -0.1530184 -0.1874593 -0.1334766 0.2865546 -0.3494077 1.3504625 -11.3379475 6.0154983
0.2840000 0.1008819 -0.1519629 -0.1888087 -0.1273271 0.2436168 -0.3240282 1.6982933 -10.1243858 6.6317472
0.2880000 0.1003863 -0.1510694 -0.1900515 -0.1198902 0.2055595 -0.2963537 1.9890956 -8.9113937 7.1464048
0.2920000 0.0999228 -0.1503184 -0.1911795 -0.1114144 0.1723256 -0.2668570 2.2142223 -7.7258636 7.5300565
0.2960000 0.0994950 -0.1496908 -0.1921864 -0.1021765 0.1437526 -0.2361133 2.3684337 -6.5931545 7.7617697
0.3000000 0.0991054 -0.1491684 -0.1930684 -0.0924669 0.1195804 -0.2047628 2.4503104 -5.5359934 7.8304023
0.3040000 0.0987552 -0.1487342 -0.1938245 -0.0825740 0.0994646 -0.1734701 2.4622637 -4.5733247 7.7349292
0.3080000 0.0984448 -0.1483727 -0.1944562 -0.0727688 0.0829938 -0.1428834 2.4101805 -3.7192211 7.4836942
0.3120000 0.0981731 -0.1480702 -0.1949675 -0.0632925 0.0697109 -0.1136005 2.3027723 -2.9820687 7.0927273
0.3160000 0.0979384 -0.1478150 -0.1953650 -0.0543466 0.0591372 -0.0861416 2.1507339 -2.3642615 6.5835047
0.3200000 0.0977383 -0.1475971 -0.1956567 -0.0460867 0.0507968 -0.0609325 1.9658367 -1.8625212 5.9806537
0.3240000 0.0975697 -0.1474086 -0.1958524 -0.0386199 0.0442371 -0.0382964 1.7600578 -1.4687541 5.3100253
0.3280000 0.0974294 -0.1472432 -0.1959630 -0.0320062 0.0390467 -0.0184523 1.5447886 -1.1712363 4.5972909
0.3320000 0.0973137 -0.1470963 -0.1960000 -0.0262616 0.0348672 -0.0015180 1.3301468 -0.9559244 3.8669729
0.3360000 0.0972193 -0.1469643 -0.1959752 -0.0213650 0.0313993 0.0124835 1.1244352 -0.8077422 3.1417384
0.3400000 0.0971428 -0.1468451 -0.1959002 -0.0172661 0.0284052 0.0236159 0.9338199 -0.7117201 2.4418386
0.3440000 0.0970811 -0.1467371 -0.1957863 -0.0138945 0.0257056 0.0320182 0.7622685 -0.6538814 1.7846476
0.3480000 0.0970316 -0.1466394 -0.1956440 -0.0111680 0.0231742 0.0378931 0.6117423 -0.6218263 1.1842811
0.3520000 0.0969918 -0.1465517 -0.1954831 -0.0090005 0.0207310 0.0414925 0.4825967 -0.6050510 0.6513001
0.3560000 0.0969596 -0.1464736 -0.1953121 -0.0073072 0.0183338 0.0431035 0.3741053 -0.5950953 0.1925668
0.3600000 0.0969333 -0.1464050 -0.1951383 -0.0060077 0.0159702 0.0430330 0.2849656 -0.5855832 -0.1886721
0.3640000 0.0969115 -0.1463458 -0.1949678 -0.0050275 0.0136491 0.0415941 0.2136282 -0.5721269 -0.4924559
0.3680000 0.0968931 -0.1462958 -0.1948055 -0.0042987 0.0113932 0.0390934 0.1583907 -0.5520453 -0.7215900
0.3720000 0.0968772 -0.1462547 -0.1946551 -0.0037604 0.0092328 0.0358214 0.1173506 -0.5239464 -0.8810288
0.3760000 0.0968630 -0.1462219 -0.1945190 -0.0033599 0.0072016 0.0320451 0.0883841 -0.4873376 -0.9772826
0.3800000 0.0968503 -0.1461970 -0.1943987 -0.0030533 0.0053341 0.0280031 0.0692396 -0.4424018 -1.0179430
0.3840000 0.0968386 -0.1461793 -0.1942949 -0.0028059 0.0036624 0.0239016 0.0577164 -0.3899454 -1.0113462
0.3880000 0.0968278 -0.1461678 -0.1942075 -0.0025916 0.0022145 0.0199123 0.0518370 -0.3314226 -0.9663047
0.3920000 0.0968179 -0.1461616 -0.1941356 -0.0023912 0.0010110 0.0161711 0.0499358 -0.2689246 -0.8918033
0.3960000 0.0968087 -0.1461597 -0.1940781 -0.0021921 0.0000631 0.0127779 0.0248960 -0.1184907 -0.4241553
0.4000000 0.0968003 -0.1461610 -0.1940334 -0.0021921 0.0000631 0.0127779 0.0248960 -0.1184907 -0.4241553
