0.0000000 0.0201529 -0.3736439 -0.1307949 0.0204582 0.0534240 -0.0479175 0.3861940 1.0640741 -0.1883313
0.0040000 0.0202292 -0.3734431 -0.1309847 0.0204582 0.0534240 -0.0479175 0.3861940 1.0640741 -0.1883313
0.0080000 0.0203166 -0.3732165 -0.1311782 0.0235478 0.0619366 -0.0494242 0.8466191 2.6677945 -0.5232964
0.0120000 0.0204176 -0.3729476 -0.1313801 0.0272312 0.0747664 -0.0521039 0.9855965 3.7897452 -0.8307437
0.0160000 0.0205344 -0.3726184 -0.1315951 0.0314325 0.0922546 -0.0560701 1.1010277 4.9842103 -1.1636422
0.0200000 0.0206690 -0.3722096 -0.1318286 0.0360394 0.1146401 -0.0614130 1.1840264 6.2248672 -1.5169234
0.0240000 0.0208228 -0.3717013 -0.1320864 0.0409047 0.1420535 -0.0682055 1.2265402 7.4843004 -1.8870132
0.0280000 0.0209963 -0.3710732 -0.1323743 0.0458517 0.1745145 -0.0765091 1.2219226 8.7346625 -2.2718070
0.0320000 0.0211896 -0.3703051 -0.1326984 0.0506801 0.2119308 -0.0863800 1.1654594 9.9482810 -2.6704638
0.0360000 0.0214017 -0.3693777 -0.1330653 0.0551754 0.2541007 -0.0978728 1.0548264 11.0981957 -3.0828394
0.0400000 0.0216310 -0.3682723 -0.1334814 0.0591187 0.3007164 -0.1110427 0.8903751 12.1585962 -3.5086378
0.0440000 0.0218747 -0.3669720 -0.1339536 0.0622984 0.3513695 -0.1259419 0.6751426 13.1051730 -3.9466128
0.0480000 0.0221294 -0.3654614 -0.1344890 0.0645199 0.4055578 -0.1426156 0.4146145 13.9154773 -4.3941045
0.0520000 0.0223908 -0.3637275 -0.1350946 0.0656153 0.4626933 -0.1610948 0.1163827 14.5693911 -4.8469019
0.0560000 0.0226543 -0.3617598 -0.1357777 0.0654509 0.5221129 -0.1813908 -0.2101751 15.0497613 -5.2992323
0.0600000 0.0229144 -0.3595506 -0.1365457 0.0639339 0.5830914 -0.2034886 -0.5541973 15.3431671 -5.7437699
0.0640000 0.0231658 -0.3570951 -0.1374056 0.0610174 0.6448582 -0.2273410 -0.9037337 15.4406528 -6.1717534
0.0680000 0.0234026 -0.3543917 -0.1383644 0.0567040 0.7066166 -0.2528627 -1.2463078 15.3382724 -6.5733118
0.0720000 0.0236194 -0.3514422 -0.1394285 0.0510469 0.7675644 -0.2799275 -1.5695798 15.0375208 -6.9379744
0.0760000 0.0238110 -0.3482512 -0.1406038 0.0441474 0.8269168 -0.3083665 -1.8619786 14.5457743 -7.2552746
0.0800000 0.0239726 -0.3448268 -0.1418955 0.0361511 0.8839306 -0.3379696 -2.1132486 13.8765523 -7.5153560
0.0840000 0.0241002 -0.3411798 -0.1433076 0.0272414 0.9379292 -0.3684893 -2.3149460 13.0492415 -7.7094856
0.0880000 0.0241905 -0.3373234 -0.1448434 0.0176315 0.9883246 -0.3996455 -2.4608758 12.0882042 -7.8303759
0.0920000 0.0242412 -0.3332732 -0.1465048 0.0075544 1.0346348 -0.4311323 -2.5473836 11.0214884 -7.8722357
0.0960000 0.0242509 -0.3290463 -0.1482924 -0.0027476 1.0764965 -0.4626234 -2.5734424 9.8793466 -7.8305899
0.1000000 0.0242192 -0.3246612 -0.1502058 -0.0130331 1.1136696 -0.4937770 -2.5405701 8.6926321 -7.7020090
0.1040000 0.0241467 -0.3201370 -0.1522427 -0.0230721 1.1460375 -0.5242395 -2.4526261 7.4910516 -7.4838439
0.1080000 0.0240347 -0.3154929 -0.1543997 -0.0326541 1.1735980 -0.5536478 -2.3154591 6.3012266 -7.1739079
0.1120000 0.0238854 -0.3107482 -0.1566718 -0.0415958 1.1964473 -0.5816308 -2.1363730 5.1447341 -6.7700520
0.1160000 0.0237019 -0.3059213 -0.1590527 -0.0497451 1.2147559 -0.6078082 -1.9234792 4.0366871 -6.2697769
0.1200000 0.0234875 -0.3010301 -0.1615343 -0.0569836 1.2287408 -0.6317890 -1.6850958 2.9854522 -5.6702278
0.1240000 0.0232460 -0.2960914 -0.1641070 -0.0632259 1.2386395 -0.6531700 -1.4293164 1.9935312 -4.9688118
0.1280000 0.0229817 -0.2911210 -0.1667597 -0.0684182 1.2446891 -0.6715395 -1.1637222 1.0590712 -4.1642862
0.1320000 0.0226987 -0.2861339 -0.1694793 -0.0725357 1.2471121 -0.6864843 -0.8951212 0.1774283 -3.2578856
0.1360000 0.0224014 -0.2811441 -0.1722515 -0.0755791 1.2461085 -0.6976025 -0.6292756 -0.6575013 -2.2542209
0.1400000 0.0220940 -0.2761650 -0.1750602 -0.0775699 1.2418521 -0.7045181 -0.3707277 -1.4522495 -1.1620369
0.1440000 0.0217808 -0.2712093 -0.1778877 -0.0785450 1.2344905 -0.7068988 -0.1228203 -2.2130128 0.0050549
0.1480000 0.0214657 -0.2662891 -0.1807154 -0.0785524 1.2241480 -0.7044776 0.1121249 -2.9450788 1.2280069
0.1520000 0.0211524 -0.2614161 -0.1835235 -0.0776480 1.2109299 -0.6970748 0.3325542 -3.6523762 2.4821762
0.1560000 0.0208445 -0.2566017 -0.1862920 -0.0758920 1.1949290 -0.6846202 0.5373917 -4.3372096 3.7377640
0.1600000 0.0205453 -0.2518567 -0.1890005 -0.0733488 1.1762322 -0.6671727 0.7257536 -5.0003654 4.9610398
0.1640000 0.0202577 -0.2471918 -0.1916293 -0.0700860 1.1549260 -0.6449319 0.8967209 -5.6415582 6.1163612
0.1680000 0.0199846 -0.2426173 -0.1941599 -0.0661750 1.1310997 -0.6182418 1.0492015 -6.2596857 7.1685551
0.1720000 0.0197283 -0.2381430 -0.1965753 -0.0616924 1.1048486 -0.5875835 1.1818670 -6.8523992 8.0850803
0.1760000 0.0194910 -0.2337785 -0.1988606 -0.0567201 1.0762805 -0.5535611 1.2931355 -7.4153110 8.8377815
0.1800000 0.0192745 -0.2295328 -0.2010038 -0.0513473 1.0455261 -0.5168812 1.3811407 -7.9416918 9.4043371
0.1840000 0.0190803 -0.2254143 -0.2029956 -0.0456710 1.0127470 -0.4783264 1.4436369 -8.4230450 9.7693739
0.1880000 0.0189092 -0.2214308 -0.2048304 -0.0397982 0.9781417 -0.4387262 1.4779183 -8.8502770 9.9251407
0.1920000 0.0187619 -0.2175892 -0.2065054 -0.0338476 0.9419448 -0.3989253 1.4809376 -9.2151047 9.8718171
0.1960000 0.0186384 -0.2138952 -0.2080218 -0.0279507 0.9044209 -0.3597517 1.4497466 -9.5114142 9.6176081
0.2000000 0.0185383 -0.2103538 -0.2093835 -0.0222497 0.8658535 -0.3219845 1.3821715 -9.7361839 9.1786056
0.2040000 0.0184604 -0.2069684 -0.2105976 -0.0168933 0.8265314 -0.2863229 1.2774813 -9.8897210 8.5782646
0.2080000 0.0184031 -0.2037415 -0.2116740 -0.0120298 0.7867357 -0.2533583 1.1368331 -9.9753849 7.8463894
0.2120000 0.0183642 -0.2006745 -0.2126245 -0.0077987 0.7467283 -0.2235517 0.9634457 -9.9991124 7.0176565
0.2160000 0.0183407 -0.1977677 -0.2134625 -0.0043223 0.7067428 -0.1972171 0.7626012 -9.9688539 6.1298361
0.2200000 0.0183296 -0.1950206 -0.2142022 -0.0016978 0.6669775 -0.1745130 0.5415777 -9.8938865 5.2218678
0.2240000 0.0183272 -0.1924319 -0.2148586 0.0000104 0.6275917 -0.1554421 0.3094632 -9.7840472 4.3318124
0.2280000 0.0183297 -0.1899998 -0.2154458 0.0007779 0.5887051 -0.1398585 0.0767235 -9.6490000 3.4947312
0.2320000 0.0183334 -0.1877222 -0.2159774 0.0006242 0.5503997 -0.1274843 -0.1454661 -9.4975582 2.7407669
0.2360000 0.0183347 -0.1855966 -0.2164657 -0.0003859 0.5127247 -0.1179324 -0.3459794 -9.3369871 2.0936900
0.2400000 0.0183303 -0.1836204 -0.2169209 -0.0021437 0.4757038 -0.1107348 -0.5144950 -9.1722964 1.5698581
0.2440000 0.0183175 -0.1817910 -0.2173515 -0.0045018 0.4393463 -0.1053735 -0.6422896 -9.0056889 1.1774277
0.2480000 0.0182943 -0.1801057 -0.2177639 -0.0072820 0.4036583 -0.1013154 -0.7230812 -8.8363416 0.9159693
0.2520000 0.0182593 -0.1785617 -0.2181621 -0.0102865 0.3686555 -0.0980458 -0.7537697 -8.6605363 0.7768484
0.2560000 0.0182120 -0.1771564 -0.2185482 -0.0133122 0.3343740 -0.0951006 -0.7348308 -8.4720536 0.7445352
0.2600000 0.0181528 -0.1758868 -0.2189229 -0.0161651 0.3008791 -0.0920895 -0.6702333 -8.2627993 0.7986232
0.2640000 0.0180827 -0.1747494 -0.2192850 -0.0186740 0.2682716 -0.0887116 -0.5669459 -8.0237076 0.9161277
0.2680000 0.0180034 -0.1737406 -0.2196326 -0.0207007 0.2366895 -0.0847605 -0.4341656 -7.7459095 1.0736483
0.2720000 0.0179171 -0.1728559 -0.2199630 -0.0221473 0.2063043 -0.0801224 -0.2823451 -7.4220083 1.2491624
0.2760000 0.0178262 -0.1720901 -0.2202735 -0.0229595 0.1773134 -0.0747672 -0.1221170 -7.0472177 1.4233737
0.2800000 0.0177334 -0.1714374 -0.2205612 -0.0231243 0.1499266 -0.0687354 0.0366776 -6.6201518 1.5805885
0.2840000 0.0176412 -0.1708907 -0.2208234 -0.0226660 0.1243522 -0.0621225 0.1856781 -6.1431807 1.7091141
0.2880000 0.0175521 -0.1704426 -0.2210582 -0.0216389 0.1007812 -0.0550625 0.3184000 -5.6223741 1.8012518
0.2920000 0.0174681 -0.1700845 -0.2212639 -0.0201188 0.0793732 -0.0477125 0.4304250 -5.0670956 1.8530095
0.2960000 0.0173911 -0.1698076 -0.2214399 -0.0181955 0.0602444 -0.0402384 0.5194080 -4.4892905 1.8636354
0.3000000 0.0173225 -0.1696025 -0.2215858 -0.0159636 0.0434589 -0.0328034 0.5848499 -3.9025200 1.8350029
0.3040000 0.0172634 -0.1694599 -0.2217023 -0.0135167 0.0290242 -0.0255584 0.6276352 -3.3208399 1.7708831
0.3080000 0.0172144 -0.1693703 -0.2217903 -0.0109425 0.0168921 -0.0186363 0.6494865 -2.7576841 1.6762379
0.3120000 0.0171759 -0.1693248 -0.2218514 -0.0083208 0.0069628 -0.0121485 0.6525427 -2.2249113 1.5566961
0.3160000 0.0171478 -0.1693146 -0.2218875 -0.0057221 -0.0009072 -0.0061828 0.6391296 -1.7321181 1.4182175
0.3200000 0.0171301 -0.1693320 -0.2219008 -0.0032077 -0.0068942 -0.0008027 0.6116518 -1.2862839 1.2668084
0.3240000 0.0171222 -0.1693698 -0.2218939 -0.0008289 -0.0111974 0.0039517 0.5725515 -0.8917777 1.1082342
0.3280000 0.0171234 -0.1694216 -0.2218692 0.0013727 -0.0140284 0.0080631 0.5243318 -0.5506639 0.9478021
0.3320000 0.0171331 -0.1694820 -0.2218294 0.0033657 -0.0156027 0.0115341 0.4695782 -0.2631449 0.7902281
0.3360000 0.0171504 -0.1695464 -0.2217770 0.0051293 -0.0161336 0.0143849 0.4108753 -0.0279529 0.6395130
0.3400000 0.0171742 -0.1696111 -0.2217143 0.0066527 -0.0158264 0.0166502 0.3506215 0.1573929 0.4988280
0.3440000 0.0172036 -0.1696730 -0.2216438 0.0079343 -0.0148744 0.0183756 0.2908734 0.2964221 0.3705171
0.3480000 0.0172376 -0.1697301 -0.2215673 0.0089797 -0.0134550 0.0196144 0.2333152 0.3935435 0.2562312
0.3520000 0.0172754 -0.1697807 -0.2214868 0.0098008 -0.0117261 0.0204254 0.1793001 0.4538132 0.1570552
0.3560000 0.0173161 -0.1698239 -0.2214039 0.0104141 -0.0098245 0.0208708 0.1298482 0.4826631 0.0734915
0.3600000 0.0173587 -0.1698593 -0.2213199 0.0108396 -0.0078648 0.0210134 0.0855667 0.4856476 0.0053227
0.3640000 0.0174028 -0.1698868 -0.2212358 0.0110987 -0.0059393 0.0209134 0.0465883 0.4682351 -0.0484760
0.3680000 0.0174475 -0.1699068 -0.2211526 0.0112123 -0.0041189 0.0206255 0.0126282 0.4356262 -0.0896142
0.3720000 0.0174925 -0.1699198 -0.2210708 0.0111997 -0.0024543 0.0201965 -0.0168649 0.3925818 -0.1202041
0.3760000 0.0175371 -0.1699264 -0.2209910 0.0110774 -0.0009782 0.0196639 -0.0425913 0.3432748 -0.1425349
0.3800000 0.0175811 -0.1699276 -0.2209135 0.0108589 0.0002919 0.0190562 -0.0653412 0.2911971 -0.1589628
0.3840000 0.0176240 -0.1699241 -0.2208385 0.0105546 0.0013513 0.0183922 -0.0858800 0.2391149 -0.1717561
0.3880000 0.0176655 -0.1699168 -0.2207664 0.0101719 0.0022048 0.0176822 -0.1047362 0.1890458 -0.1828261
0.3920000 0.0177054 -0.1699064 -0.2206971 0.0097168 0.0028637 0.0169296 -0.1220462 0.1422674 -0.1935175
0.3960000 0.0177433 -0.1698939 -0.2206309 0.0091955 0.0033430 0.0161340 -0.1375881 0.0994184 -0.2046021
0.4000000 0.0177789 -0.1698797 -0.2205680 0.0086161 0.0036591 0.0152928 -0.1509397 0.0607087 -0.2163687
0.4040000 0.0178122 -0.1698646 -0.2205086 0.0079880 0.0038286 0.0144031 -0.1616258 0.0261647 -0.2286763
0.4080000 0.0178428 -0.1698491 -0.2204528 0.0073230 0.0038684 0.0134634 -0.1692353 -0.0041890 -0.2410262
0.4120000 0.0178708 -0.1698336 -0.2204009 0.0066341 0.0037951 0.0124749 -0.1735418 -0.0302516 -0.2527428
0.4160000 0.0178959 -0.1698187 -0.2203530 0.0059347 0.0036264 0.0114414 -0.1745865 -0.0518678 -0.2631781
0.4200000 0.0179183 -0.1698046 -0.2203093 0.0052374 0.0033802 0.0103694 -0.1726414 -0.0689186 -0.2717679
0.4240000 0.0179378 -0.1697917 -0.2202700 0.0045536 0.0030750 0.0092673 -0.0854831 -0.0381469 -0.1377673
0.4280000 0.0179547 -0.1697800 -0.2202352 0.0045536 0.0030750 0.0092673 -0.0854831 -0.0381469 -0.1377673
