0.0000000 0.0170755 -0.3885369 -0.1126089 0.0320600 0.0650863 -0.0197213 0.5848684 1.0248060 -0.2459638
0.0040000 0.0171962 -0.3882894 -0.1126847 0.0320600 0.0650863 -0.0197213 0.5848684 1.0248060 -0.2459638
0.0080000 0.0173320 -0.3880162 -0.1127666 0.0367390 0.0732848 -0.0216890 1.4046117 2.5113563 -0.5973768
0.0120000 0.0174902 -0.3877031 -0.1128582 0.0432969 0.0851772 -0.0245003 1.8861425 3.4623076 -0.8046133
0.0160000 0.0176784 -0.3873348 -0.1129626 0.0518281 0.1009832 -0.0281259 2.3842066 4.4557517 -1.0007620
0.0200000 0.0179048 -0.3868952 -0.1130832 0.0623706 0.1208232 -0.0325064 2.8843965 5.4665564 -1.1790924
0.0240000 0.0181774 -0.3863682 -0.1132227 0.0749033 0.1447157 -0.0375586 3.3718969 6.4695564 -1.3346001
0.0280000 0.0185040 -0.3857375 -0.1133836 0.0893457 0.1725796 -0.0431832 3.8321145 7.4406042 -1.4642602
0.0320000 0.0188921 -0.3849875 -0.1135681 0.1055602 0.2042405 -0.0492727 4.2513573 8.3576640 -1.5672450
0.0360000 0.0193485 -0.3841036 -0.1137778 0.1233566 0.2394410 -0.0557211 4.6174362 9.2017803 -1.6450536
0.0400000 0.0198790 -0.3830720 -0.1140139 0.1424997 0.2778548 -0.0624331 4.9200515 9.9576864 -1.7014614
0.0440000 0.0204885 -0.3818807 -0.1142773 0.1627170 0.3191025 -0.0693328 5.1509161 10.6138963 -1.7421935
0.0480000 0.0211807 -0.3805192 -0.1145686 0.1837070 0.3627659 -0.0763707 5.3036884 11.1623276 -1.7742871
0.0520000 0.0219581 -0.3789786 -0.1148883 0.2051465 0.4084011 -0.0835271 5.3738289 11.5976650 -1.8052671
0.0560000 0.0228219 -0.3772520 -0.1152368 0.2266977 0.4555473 -0.0908128 5.3584587 11.9166993 -1.8423811
0.0600000 0.0237717 -0.3753342 -0.1156148 0.2480142 0.5037347 -0.0982662 5.2562731 12.1178171 -1.8920462
0.0640000 0.0248060 -0.3732221 -0.1160229 0.2687478 0.5524898 -0.1059492 5.0675608 12.2007524 -1.9594604
0.0680000 0.0259217 -0.3709143 -0.1164623 0.2885547 0.6013407 -0.1139419 4.7943158 12.1666485 -2.0483399
0.0720000 0.0271144 -0.3684114 -0.1169345 0.3071024 0.6498230 -0.1223359 4.4403784 12.0184215 -2.1609329
0.0760000 0.0283785 -0.3657157 -0.1174410 0.3240777 0.6974881 -0.1312293 4.0115720 11.7613579 -2.2984470
0.0800000 0.0297071 -0.3628315 -0.1179843 0.3391949 0.7439138 -0.1407235 3.5158833 11.4038360 -2.4617464
0.0840000 0.0310921 -0.3597644 -0.1185668 0.3522048 0.7887187 -0.1509233 2.9637051 10.9580596 -2.6520423
0.0880000 0.0325247 -0.3565217 -0.1191917 0.3629046 0.8315783 -0.1619398 2.3680206 10.4406629 -2.8714715
0.0920000 0.0339953 -0.3531118 -0.1198623 0.3711489 0.8722441 -0.1738951 1.7443027 9.8728423 -3.1235597
0.0960000 0.0354939 -0.3495438 -0.1205828 0.3768590 0.9105611 -0.1869283 1.1099215 9.2795158 -3.4134243
0.1000000 0.0370102 -0.3458273 -0.1213578 0.3800283 0.9464802 -0.2012025 0.4830142 8.6873025 -3.7475466
0.1040000 0.0385341 -0.3419719 -0.1221925 0.3807231 0.9800595 -0.2169087 -0.1189991 8.1217033 -4.1331400
0.1080000 0.0400560 -0.3379868 -0.1230930 0.3790763 1.0114538 -0.2342676 -0.6809255 7.6041584 -4.5772456
0.1120000 0.0415667 -0.3338803 -0.1240666 0.3752757 1.0408928 -0.2535266 -1.1910051 7.1495729 -5.0855898
0.1160000 0.0430582 -0.3296597 -0.1251212 0.3695483 1.0686504 -0.2749523 -1.6415895 6.7648003 -5.6612381
0.1200000 0.0445231 -0.3253311 -0.1262662 0.3621430 1.0950112 -0.2988165 -2.0292462 6.4483541 -6.3032618
0.1240000 0.0459553 -0.3208996 -0.1275118 0.3533143 1.1202372 -0.3253784 -2.3544558 6.1911429 -7.0057073
0.1280000 0.0473496 -0.3163692 -0.1288692 0.3433074 1.1445403 -0.3548622 -2.6211454 5.9777022 -7.7569569
0.1320000 0.0487018 -0.3117433 -0.1303507 0.3323451 1.1680588 -0.3874340 -2.8361813 5.7875536 -8.5393323
0.1360000 0.0500084 -0.3070247 -0.1319687 0.3206179 1.1908407 -0.4231769 -3.0088039 5.5966155 -9.3288347
0.1400000 0.0512667 -0.3022165 -0.1337361 0.3082747 1.2128318 -0.4620647 -3.1499745 5.3787060 -10.0951498
0.1440000 0.0524746 -0.2973221 -0.1356652 0.2954181 1.2338704 -0.5039381 -3.2716487 5.1071334 -10.8021076
0.1480000 0.0536301 -0.2923456 -0.1377676 0.2821015 1.2536888 -0.5484816 -3.3859808 4.7563413 -11.4086207
0.1520000 0.0547314 -0.2872926 -0.1400531 0.2683303 1.2719211 -0.5952070 -3.5044697 4.3035975 -11.8700865
0.1560000 0.0557767 -0.2821702 -0.1425293 0.2540658 1.2881176 -0.6434423 -3.6371114 3.7307607 -12.1404180
0.1600000 0.0567639 -0.2769876 -0.1452006 0.2392334 1.3017672 -0.6923304 -3.7916528 3.0261605 -12.1748809
0.1640000 0.0576906 -0.2717561 -0.1480679 0.2237325 1.3123269 -0.7408413 -3.9729549 2.1864474 -11.9335622
0.1680000 0.0585538 -0.2664890 -0.1511274 0.2074497 1.3192588 -0.7877989 -4.1824173 1.2179582 -11.3849719
0.1720000 0.0593502 -0.2612020 -0.1543703 0.1902732 1.3220706 -0.8319211 -4.4174725 0.1370689 -10.5093381
0.1760000 0.0600760 -0.2559124 -0.1577827 0.1721099 1.3203553 -0.8718736 -4.6712548 -1.0306530 -9.3013833
0.1800000 0.0607271 -0.2506392 -0.1613453 0.1529032 1.3138253 -0.9063322 -4.9325722 -2.2523882 -7.7723552
0.1840000 0.0612992 -0.2454018 -0.1650334 0.1326494 1.3023362 -0.9340524 -5.1862875 -3.4909074 -5.9509206
0.1880000 0.0617883 -0.2402205 -0.1688177 0.1114129 1.2858981 -0.9539395 -5.4141417 -4.7079345 -3.8825567
0.1920000 0.0621905 -0.2351147 -0.1726649 0.0893362 1.2646727 -0.9651129 -5.5959524 -5.8674263 -1.6273300
0.1960000 0.0625029 -0.2301031 -0.1765386 0.0666453 1.2389587 -0.9669582 -5.7110650 -6.9382595 0.7437548
0.2000000 0.0627237 -0.2252030 -0.1804006 0.0436477 1.2091667 -0.9591628 -5.7399428 -7.8961171 3.1534121
0.2040000 0.0628521 -0.2204298 -0.1842119 0.0207257 1.1757897 -0.9417309 -5.6658314 -8.7245498 5.5231104
0.2080000 0.0628895 -0.2157967 -0.1879344 -0.0016789 1.1393703 -0.9149779 -5.4764322 -9.4152844 7.7777963
0.2120000 0.0628387 -0.2113148 -0.1915317 -0.0230857 1.1004675 -0.8795085 -5.1654502 -9.9679126 9.8497860
0.2160000 0.0627048 -0.2069929 -0.1949705 -0.0430025 1.0596270 -0.8361797 -4.7337819 -10.3890681 11.6816101
0.2200000 0.0624947 -0.2028378 -0.1982212 -0.0609560 1.0173549 -0.7860556 -4.1900955 -10.6911681 13.2278848
0.2240000 0.0622171 -0.1988541 -0.2012589 -0.0765233 0.9740976 -0.7303566 -3.5506124 -10.8908199 14.4563864
0.2280000 0.0618825 -0.1950450 -0.2040640 -0.0893609 0.9302283 -0.6704045 -2.8380220 -11.0070697 15.3484089
0.2320000 0.0615022 -0.1914123 -0.2066222 -0.0992275 0.8860411 -0.6075693 -2.0796332 -11.0596952 15.8983816
0.2360000 0.0610887 -0.1879567 -0.2089246 -0.1059980 0.8417508 -0.5432175 -1.3050571 -11.0676703 16.1127591
0.2400000 0.0606543 -0.1846783 -0.2109679 -0.1096679 0.7974997 -0.4786672 -0.5438201 -11.0478503 16.0083413
0.2440000 0.0602113 -0.1815767 -0.2127539 -0.1103485 0.7533680 -0.4151507 0.1767338 -11.0139465 15.6103611
0.2480000 0.0597715 -0.1786513 -0.2142891 -0.1082541 0.7093881 -0.3537843 0.8330205 -10.9758686 14.9507338
0.2520000 0.0593453 -0.1759016 -0.2155842 -0.1036844 0.6655610 -0.2955449 1.4062065 -10.9394304 14.0666506
0.2560000 0.0589420 -0.1733268 -0.2166535 -0.0970044 0.6218727 -0.2412511 1.8827003 -10.9063469 12.9993896
0.2600000 0.0585693 -0.1709266 -0.2175142 -0.0886228 0.5783103 -0.1915498 2.2542929 -10.8744590 11.7930645
0.2640000 0.0582330 -0.1687003 -0.2181859 -0.0789701 0.5348770 -0.1469066 2.5180265 -10.8381193 10.4931128
0.2680000 0.0579375 -0.1666476 -0.2186894 -0.0684786 0.4916053 -0.1076049 2.6757713 -10.7886621 9.1444742
0.2720000 0.0576852 -0.1647675 -0.2190467 -0.0575639 0.4485677 -0.0737508 2.7335194 -10.7149155 7.7895936
0.2760000 0.0574770 -0.1630590 -0.2192795 -0.0466104 0.4058860 -0.0452881 2.7005116 -10.6038301 6.4665391
0.2800000 0.0573123 -0.1615204 -0.2194090 -0.0359598 0.3637371 -0.0220185 2.5883674 -10.4413966 5.2075710
0.2840000 0.0571893 -0.1601491 -0.2194556 -0.0259035 0.3223548 -0.0036275 2.4103260 -10.2139635 4.0383589
0.2880000 0.0571051 -0.1589416 -0.2194380 -0.0166772 0.2820254 0.0102884 2.1805987 -9.9098341 2.9778422
0.2920000 0.0570559 -0.1578929 -0.2193733 -0.0084587 0.2430761 0.0201952 1.9137798 -9.5208392 2.0385803
0.2960000 0.0570374 -0.1569970 -0.2192765 -0.0013670 0.2058587 0.0265970 1.6242602 -9.0435787 1.2273985
0.3000000 0.0570450 -0.1562461 -0.2191605 0.0045354 0.1707275 0.0300144 1.3256262 -8.4801181 0.5461473
0.3040000 0.0570737 -0.1556311 -0.2190363 0.0092381 0.1380177 0.0309662 1.0300793 -7.8380494 -0.0075499
0.3080000 0.0571189 -0.1551419 -0.2189128 0.0127760 0.1080231 0.0299540 0.7479670 -7.1299526 -0.4396032
0.3120000 0.0571759 -0.1547670 -0.2187967 0.0152218 0.0809781 0.0274494 0.4875225 -6.3723646 -0.7587676
0.3160000 0.0572406 -0.1544941 -0.2186932 0.0166762 0.0570442 0.0238838 0.2548305 -5.5843871 -0.9758883
0.3200000 0.0573093 -0.1543106 -0.2186056 0.0172604 0.0363030 0.0196422 0.0539545 -4.7861254 -1.1030825
0.3240000 0.0573787 -0.1542037 -0.2185361 0.0171079 0.0187552 0.0150592 -0.1128472 -3.9972138 -1.1529611
0.3280000 0.0574462 -0.1541606 -0.2184852 0.0163577 0.0043253 0.0104186 -0.2448653 -3.2356601 -1.1380281
0.3320000 0.0575096 -0.1541691 -0.2184527 0.0151489 -0.0071301 0.0059550 -0.3426868 -2.5170826 -1.0703173
0.3360000 0.0575674 -0.1542176 -0.2184375 0.0136162 -0.0158114 0.0018560 -0.4079889 -1.8542630 -0.9612243
0.3400000 0.0576185 -0.1542956 -0.2184379 0.0118850 -0.0219642 -0.0017348 -0.4433880 -1.2569317 -0.8214657
0.3440000 0.0576624 -0.1543933 -0.2184514 0.0100691 -0.0258668 -0.0047157 -0.4523080 -0.7317891 -0.6611363
0.3480000 0.0576991 -0.1545025 -0.2184756 0.0082666 -0.0278185 -0.0070239 -0.4388249 -0.2827720 -0.4898267
0.3520000 0.0577286 -0.1546159 -0.2185076 0.0065585 -0.0281290 -0.0086343 -0.4074645 0.0885247 -0.3167043
0.3560000 0.0577515 -0.1547275 -0.2185447 0.0050069 -0.0271103 -0.0095576 -0.1939509 0.1273378 -0.1154053
0.3600000 0.0577686 -0.1548328 -0.2185841 0.0050069 -0.0271103 -0.0095576 -0.1939509 0.1273378 -0.1154053
