0.0000000 0.0184033 -0.3724179 -0.1337462 0.0126463 -0.0089863 0.0352089 0.1064510 0.2292429 0.3298252
0.0040000 0.0184518 -0.3724562 -0.1336116 0.0126463 -0.0089863 0.0352089 0.1064510 0.2292429 0.3298252
0.0080000 0.0185045 -0.3724898 -0.1334645 0.0134979 -0.0071523 0.0378475 0.1543583 0.6403755 0.5108083
0.0120000 0.0185597 -0.3725134 -0.1333089 0.0138812 -0.0038633 0.0392953 0.0206807 1.0258478 0.1680875
0.0160000 0.0186155 -0.3725207 -0.1331501 0.0136634 0.0010545 0.0391922 -0.1471973 1.4526534 -0.2679677
0.0200000 0.0186691 -0.3725050 -0.1329953 0.0127036 0.0077580 0.0371516 -0.3509476 1.9164222 -0.8028729
0.0240000 0.0187171 -0.3724587 -0.1328529 0.0108558 0.0163858 0.0327692 -0.5913335 2.4122669 -1.4396024
0.0280000 0.0187559 -0.3723739 -0.1327332 0.0079729 0.0270561 0.0256348 -0.8678798 2.9347758 -2.1776182
0.0320000 0.0187809 -0.3722422 -0.1326479 0.0039127 0.0398640 0.0153483 -1.1785942 3.4779480 -3.0121246
0.0360000 0.0187872 -0.3720550 -0.1326104 -0.0014558 0.0548797 0.0015378 -1.5197824 4.0351257 -3.9336526
0.0400000 0.0187693 -0.3718032 -0.1326356 -0.0082455 0.0721450 -0.0161210 -1.8859999 4.5990276 -4.9280133
0.0440000 0.0187212 -0.3714778 -0.1327394 -0.0165438 0.0916719 -0.0378863 -2.2701364 5.1619672 -5.9765508
0.0480000 0.0186369 -0.3710698 -0.1329386 -0.0264066 0.1134408 -0.0639334 -2.6635728 5.7162748 -7.0565284
0.0520000 0.0185100 -0.3705703 -0.1332508 -0.0378524 0.1374021 -0.0943385 -3.0563584 6.2549005 -8.1415568
0.0560000 0.0183341 -0.3699706 -0.1336934 -0.0508575 0.1634800 -0.1290658 -3.4374169 6.7721459 -9.2021583
0.0600000 0.0181031 -0.3692624 -0.1342833 -0.0653517 0.1915793 -0.1679558 -3.7948262 7.2644192 -10.2066299
0.0640000 0.0178113 -0.3684379 -0.1350370 -0.0812161 0.2215953 -0.2107189 -4.1161940 7.7308084 -11.1222506
0.0680000 0.0174534 -0.3674897 -0.1359691 -0.0982813 0.2534257 -0.2569338 -4.3891032 8.1732131 -11.9166753
0.0720000 0.0170250 -0.3664105 -0.1370925 -0.1163289 0.2869810 -0.3060523 -4.6015800 8.5958992 -12.5592704
0.0760000 0.0165228 -0.3651938 -0.1384175 -0.1350939 0.3221929 -0.3574080 -4.7425547 9.0045835 -13.0222193
0.0800000 0.0159443 -0.3638330 -0.1399517 -0.1542694 0.3590177 -0.4102300 -4.8023318 9.4053030 -13.2813854
0.0840000 0.0152886 -0.3623217 -0.1416994 -0.1735126 0.3974353 -0.4636591 -4.7731027 9.8033457 -13.3170985
0.0880000 0.0145562 -0.3606535 -0.1436610 -0.1924542 0.4374445 -0.5167668 -4.6495369 10.2024634 -13.1151394
0.0920000 0.0137490 -0.3588221 -0.1458335 -0.2107089 0.4790551 -0.5685802 -4.4294358 10.6044322 -12.6680789
0.0960000 0.0128705 -0.3568211 -0.1482096 -0.2278897 0.5222799 -0.6181114 -4.1143529 11.0088590 -11.9767672
0.1000000 0.0119259 -0.3546439 -0.1507784 -0.2436237 0.5671259 -0.6643943 -3.7100276 11.4130837 -11.0514927
0.1040000 0.0109215 -0.3522841 -0.1535248 -0.2575699 0.6135846 -0.7065234 -3.2265424 11.8121199 -9.9124509
0.1080000 0.0098653 -0.3497352 -0.1564306 -0.2694361 0.6616229 -0.7436939 -2.6782200 12.1986501 -8.5894900
0.1120000 0.0087660 -0.3469911 -0.1594744 -0.2789956 0.7111738 -0.7752393 -2.0832923 12.5630842 -7.1211701
0.1160000 0.0076333 -0.3440458 -0.1626325 -0.2861024 0.7621276 -0.8006633 -1.4633015 12.8936395 -5.5530467
0.1200000 0.0064772 -0.3408941 -0.1658797 -0.2907021 0.8143229 -0.8196637 -0.8421858 13.1764317 -3.9351938
0.1240000 0.0053077 -0.3375312 -0.1691898 -0.2928399 0.8675390 -0.8321448 -0.2451006 13.3956392 -2.3193001
0.1280000 0.0041345 -0.3339537 -0.1725368 -0.2926629 0.9214880 -0.8382181 0.3029420 13.5338428 -0.7557459
0.1320000 0.0029664 -0.3301593 -0.1758955 -0.2904163 0.9758098 -0.8381908 0.7785455 13.5725974 0.7091183
0.1360000 0.0018112 -0.3261473 -0.1792423 -0.2864345 1.0300688 -0.8325451 1.1613792 13.4932591 2.0353272
0.1400000 0.0006749 -0.3219188 -0.1825559 -0.2811253 1.0837558 -0.8219082 1.4353902 13.2780807 3.1910381
0.1440000 -0.0004378 -0.3174772 -0.1858176 -0.2749514 1.1362935 -0.8070168 1.5896415 12.9115823 4.1535093
0.1480000 -0.0015247 -0.3128284 -0.1890120 -0.2684082 1.1870485 -0.7886801 1.6188016 12.3821606 4.9094342
0.1520000 -0.0025851 -0.3079808 -0.1921270 -0.2620010 1.2353507 -0.7677414 1.5233549 11.6837707 5.4548575
0.1560000 -0.0036207 -0.3029456 -0.1951540 -0.2562213 1.2805186 -0.7450413 1.3095852 10.8171979 5.7948932
0.1600000 -0.0046349 -0.2977367 -0.1980874 -0.2515243 1.3218883 -0.7213822 0.9893975 9.7902935 5.9434601
0.1640000 -0.0056329 -0.2923705 -0.2009250 -0.2483062 1.3588410 -0.6974936 0.5800365 8.6170498 5.9230707
0.1680000 -0.0066213 -0.2868660 -0.2036673 -0.2468840 1.3908247 -0.6739976 0.1036779 7.3161303 5.7644275
0.1720000 -0.0076079 -0.2812439 -0.2063170 -0.2474767 1.4173700 -0.6513781 -0.4131907 5.9095401 5.5055495
0.1760000 -0.0086011 -0.2755270 -0.2088784 -0.2501895 1.4381010 -0.6299532 -0.9407162 4.4215466 5.1903420
0.1800000 -0.0096095 -0.2697391 -0.2113566 -0.2550025 1.4527424 -0.6098554 -1.4469972 2.8776073 4.8666753
0.1840000 -0.0106412 -0.2639051 -0.2137572 -0.2617655 1.4611219 -0.5910198 -1.8996597 1.3032241 4.5840937
0.1880000 -0.0117036 -0.2580501 -0.2160848 -0.2701997 1.4631682 -0.5731827 -2.2675066 -0.2770692 4.3912548
0.1920000 -0.0128028 -0.2521997 -0.2183427 -0.2799055 1.4589053 -0.5558898 -2.5222148 -1.8403141 4.3330488
0.1960000 -0.0139428 -0.2463789 -0.2205319 -0.2903775 1.4484457 -0.5385183 -2.6401551 -3.3651994 4.4473303
0.2000000 -0.0151258 -0.2406121 -0.2226508 -0.3010268 1.4319838 -0.5203112 -2.6042600 -4.8316565 4.7614455
0.2040000 -0.0163510 -0.2349230 -0.2246944 -0.3112115 1.4097924 -0.5004267 -2.4056856 -6.2201751 5.2889820
0.2080000 -0.0176155 -0.2293338 -0.2266542 -0.3202723 1.3822224 -0.4779993 -2.0450512 -7.5112083 6.0271589
0.2120000 -0.0189132 -0.2238652 -0.2285184 -0.3275719 1.3497028 -0.4522094 -1.5330829 -8.6852417 6.9552368
0.2160000 -0.0202360 -0.2185362 -0.2302719 -0.3325369 1.3127404 -0.4223574 -0.8904167 -9.7239725 8.0343817
0.2200000 -0.0215735 -0.2133633 -0.2318972 -0.3346953 1.2719110 -0.3879344 -0.1463739 -10.6124062 9.2092999
0.2240000 -0.0229136 -0.2083609 -0.2333754 -0.3337079 1.2278412 -0.3486830 0.6632120 -11.3410786 10.4115922
0.2280000 -0.0242432 -0.2035406 -0.2346867 -0.3293896 1.1811824 -0.3046416 1.4988214 -11.9076307 11.5644531
0.2320000 -0.0255487 -0.1989114 -0.2358125 -0.3217174 1.1325801 -0.2561674 2.3204166 -12.3173767 12.5882528
0.2360000 -0.0268169 -0.1944799 -0.2367360 -0.3108263 1.0826434 -0.2039356 3.0906933 -12.5828244 13.4065779
0.2400000 -0.0280353 -0.1902503 -0.2374440 -0.2969918 1.0319175 -0.1489148 3.7781222 -12.7222578 13.9522846
0.2440000 -0.0291929 -0.1862246 -0.2379274 -0.2806013 0.9808653 -0.0923173 4.3594052 -12.7576258 14.1730239
0.2480000 -0.0302801 -0.1824034 -0.2381825 -0.2621166 0.9298565 -0.0355306 4.8209547 -12.7121370 14.0356145
0.2520000 -0.0312898 -0.1787858 -0.2382116 -0.2420336 0.8791682 0.0199676 5.1591138 -12.6080343 13.5287026
0.2560000 -0.0322164 -0.1753700 -0.2380228 -0.2208437 0.8289922 0.0726990 5.3790696 -12.4649330 12.6634078
0.2600000 -0.0330565 -0.1721538 -0.2376300 -0.1990011 0.7794487 0.1212748 5.4927290 -12.2988629 11.4719949
0.2640000 -0.0338084 -0.1691344 -0.2370526 -0.1769018 0.7306013 0.1644750 5.5160481 -12.1218725 10.0048866
0.2680000 -0.0344718 -0.1663090 -0.2363142 -0.1548727 0.6824737 0.2013139 5.4663476 -11.9419206 8.3264713
0.2720000 -0.0350474 -0.1636746 -0.2354421 -0.1331710 0.6350660 0.2310868 5.3600341 -11.7628808 6.5102069
0.2760000 -0.0355371 -0.1612285 -0.2344655 -0.1119924 0.5883707 0.2533956 5.2109689 -11.5846675 4.6334648
0.2800000 -0.0359433 -0.1589677 -0.2334149 -0.0914833 0.5423886 0.2681545 5.0295518 -11.4035779 2.7724521
0.2840000 -0.0362690 -0.1568894 -0.2323203 -0.0717560 0.4971421 0.2755752 4.8225058 -11.2129119 0.9974941
0.2880000 -0.0365174 -0.1549905 -0.2312103 -0.0529032 0.4526853 0.2761344 4.5933170 -11.0038849 -0.6310233
0.2920000 -0.0366922 -0.1532679 -0.2301112 -0.0350095 0.4091110 0.2705270 4.3431932 -10.7667708 -2.0657114
0.2960000 -0.0367975 -0.1517177 -0.2290461 -0.0181577 0.3665512 0.2596088 4.0722728 -10.4921253 -3.2738977
0.3000000 -0.0368375 -0.1503355 -0.2280343 -0.0024313 0.3251740 0.2443358 3.7807610 -10.1718629 -4.2378019
0.3040000 -0.0368169 -0.1491163 -0.2270914 0.0120884 0.2851763 0.2257063 3.4697261 -9.7999545 -4.9532699
0.3080000 -0.0367408 -0.1480541 -0.2262287 0.0253265 0.2467744 0.2047097 3.1414075 -9.3726396 -5.4275429
0.3120000 -0.0366143 -0.1471421 -0.2254537 0.0372196 0.2101952 0.1822860 2.7990581 -8.8882894 -5.6767298
0.3160000 -0.0364430 -0.1463725 -0.2247704 0.0477190 0.1756680 0.1592958 2.4465240 -8.3472354 -5.7234907
0.3200000 -0.0362325 -0.1457367 -0.2241794 0.0567918 0.1434173 0.1364981 2.0878210 -7.7518258 -5.5950467
0.3240000 -0.0359887 -0.1452252 -0.2236784 0.0644216 0.1136534 0.1145355 1.7268611 -7.1067464 -5.3213630
0.3280000 -0.0357172 -0.1448275 -0.2232631 0.0706067 0.0865633 0.0939272 1.3673652 -6.4194121 -4.9334043
0.3320000 -0.0354238 -0.1445327 -0.2229270 0.0753605 0.0622981 0.0750682 1.0129482 -5.7001373 -4.4615716
0.3360000 -0.0351143 -0.1443291 -0.2226625 0.0787103 0.0409622 0.0582346 0.6673397 -4.9618771 -3.9345094
0.3400000 -0.0347941 -0.1442050 -0.2224611 0.0806992 0.0226031 0.0435921 0.3346204 -4.2195251 -3.3783701
0.3440000 -0.0344687 -0.1441483 -0.2223138 0.0813873 0.0072060 0.0312076 0.0193210 -3.4889295 -2.8164553
0.3480000 -0.0341430 -0.1441473 -0.2222115 0.0808538 -0.0053083 0.0210605 -0.2736932 -2.7858381 -2.2690496
0.3520000 -0.0338219 -0.1441908 -0.2221453 0.0791977 -0.0150807 0.0130552 -0.5395134 -2.1249193 -1.7532821
0.3560000 -0.0335095 -0.1442680 -0.2221070 0.0765377 -0.0223077 0.0070342 -0.7735757 -1.5189226 -1.2829628
0.3600000 -0.0332096 -0.1443692 -0.2220890 0.0730091 -0.0272321 0.0027915 -0.9720721 -0.9780092 -0.8684309
0.3640000 -0.0329254 -0.1444858 -0.2220847 0.0687611 -0.0301317 0.0000868 -1.1323088 -0.5092913 -0.5164740
0.3680000 -0.0326595 -0.1446103 -0.2220883 0.0639507 -0.0313064 -0.0013403 -1.2529507 -0.1166139 -0.2303675
0.3720000 -0.0324138 -0.1447363 -0.2220954 0.0587375 -0.0310646 -0.0017561 -1.3341282 0.1994167 -0.0100777
0.3760000 -0.0321896 -0.1448588 -0.2221024 0.0532776 -0.0297111 -0.0014209 -1.3774151 0.4411890 0.1473524
0.3800000 -0.0319876 -0.1449740 -0.2221068 0.0477181 -0.0275351 -0.0005773 -1.3856897 0.6136612 0.2472539
0.3840000 -0.0318078 -0.1450791 -0.2221070 0.0421921 -0.0248018 0.0005572 -1.3628895 0.7237778 0.2966892
0.3880000 -0.0316500 -0.1451724 -0.2221023 0.0368150 -0.0217449 0.0017962 -1.3136882 0.7797746 0.3038155
0.3920000 -0.0315133 -0.1452530 -0.2220926 0.0316826 -0.0185636 0.0029877 -1.2431386 0.7904834 0.2773321
0.3960000 -0.0313966 -0.1453209 -0.2220784 0.0268699 -0.0154210 0.0040148 -1.1563301 0.7647720 0.2260261
0.4000000 -0.0312984 -0.1453764 -0.2220605 0.0224320 -0.0124454 0.0047959 -0.5547447 0.3719537 0.0976292
0.4040000 -0.0312171 -0.1454204 -0.2220401 0.0224320 -0.0124454 0.0047959 -0.5547447 0.3719537 0.0976292
