0.0000000 0.0199903 -0.3635487 -0.1302554 -0.0004856 0.0225641 -0.0658604 0.6068835 0.9462290 -0.5953732
0.0040000 0.0199797 -0.3634695 -0.1305108 -0.0004856 0.0225641 -0.0658604 0.6068835 0.9462290 -0.5953732
0.0080000 0.0199864 -0.3633682 -0.1307823 0.0043695 0.0301339 -0.0706234 1.3462708 2.4314091 -1.3839036
0.0120000 0.0200147 -0.3632284 -0.1310758 0.0102846 0.0420154 -0.0769316 1.6013068 3.5603252 -1.7795440
0.0160000 0.0200687 -0.3630320 -0.1313978 0.0171799 0.0586165 -0.0848597 1.8300677 4.7806172 -2.1879758
0.0200000 0.0201521 -0.3627595 -0.1317547 0.0249251 0.0802603 -0.0944354 2.0197427 6.0696393 -2.5977599
0.0240000 0.0202681 -0.3623900 -0.1321532 0.0333378 0.1071736 -0.1056418 2.1575048 7.4023440 -2.9983274
0.0280000 0.0204188 -0.3619021 -0.1325998 0.0421851 0.1394791 -0.1184220 2.2311017 8.7519083 -3.3806508
0.0320000 0.0206056 -0.3612741 -0.1331006 0.0511867 0.1771889 -0.1326870 2.2295027 10.0904576 -3.7379706
0.0360000 0.0208283 -0.3604846 -0.1336613 0.0600212 0.2202027 -0.1483258 2.1436181 11.3898421 -4.0663647
0.0400000 0.0210858 -0.3595125 -0.1342872 0.0683356 0.2683076 -0.1652179 1.9670867 12.6224545 -4.3649450
0.0440000 0.0213750 -0.3583381 -0.1349831 0.0757578 0.3211824 -0.1832454 1.6970054 13.7620454 -4.6357483
0.0480000 0.0216918 -0.3569431 -0.1357532 0.0819116 0.3784040 -0.2023039 1.3343929 14.7843791 -4.8835069
0.0520000 0.0220303 -0.3553109 -0.1366015 0.0864330 0.4394574 -0.2223134 0.8842782 15.6675137 -5.1152264
0.0560000 0.0223833 -0.3534274 -0.1375317 0.0889859 0.5037441 -0.2432257 0.3554933 16.3916610 -5.3392859
0.0600000 0.0227422 -0.3512809 -0.1385473 0.0892769 0.5705907 -0.2650277 -0.2396514 16.9389112 -5.5640357
0.0640000 0.0230975 -0.3488627 -0.1396519 0.0870687 0.6392554 -0.2877380 -0.8856959 17.2932606 -5.7963000
0.0680000 0.0234388 -0.3461669 -0.1408492 0.0821914 0.7089368 -0.3113981 -1.5643853 17.4411928 -6.0402502
0.0720000 0.0237550 -0.3431912 -0.1421431 0.0745536 0.7787849 -0.3360600 -2.2551093 17.3727750 -6.2967705
0.0760000 0.0240352 -0.3399366 -0.1435377 0.0641505 0.8479190 -0.3617723 -2.9354357 17.0830564 -6.5631147
0.0800000 0.0242682 -0.3364078 -0.1450373 0.0510701 0.9154494 -0.3885649 -3.5817228 16.5734198 -6.8326585
0.0840000 0.0244437 -0.3326130 -0.1466462 0.0354967 0.9805063 -0.4164335 -4.1698874 15.8524308 -7.0947832
0.0880000 0.0245522 -0.3285638 -0.1483687 0.0177110 1.0422688 -0.4453232 -4.6764517 14.9358473 -7.3351044
0.0920000 0.0245854 -0.3242749 -0.1502088 -0.0019149 1.0999931 -0.4751144 -5.0798600 13.8457617 -7.5361690
0.0960000 0.0245369 -0.3197638 -0.1521697 -0.0229279 1.1530349 -0.5056125 -5.3618520 12.6089838 -7.6784253
0.1000000 0.0244020 -0.3150506 -0.1542537 -0.0448097 1.2008650 -0.5365418 -5.5085984 11.2548528 -7.7410970
0.1040000 0.0241784 -0.3101569 -0.1564620 -0.0669967 1.2430738 -0.5675413 -5.5114069 9.8130373 -7.7028462
0.1080000 0.0238660 -0.3051060 -0.1587940 -0.0889010 1.2793693 -0.5981645 -5.3669809 8.3121043 -7.5424965
0.1120000 0.0234672 -0.2999220 -0.1612473 -0.1099325 1.3095706 -0.6278813 -5.0773718 6.7791613 -7.2401679
0.1160000 0.0229866 -0.2946294 -0.1638171 -0.1295199 1.3336026 -0.6560859 -4.6497830 5.2402599 -6.7789060
0.1200000 0.0224310 -0.2892531 -0.1664960 -0.1471308 1.3514927 -0.6821125 -4.0962473 3.7211233 -6.1465452
0.1240000 0.0218095 -0.2838175 -0.1692740 -0.1622899 1.3633715 -0.7052582 -3.4330733 2.2477475 -5.3373362
0.1280000 0.0211327 -0.2783462 -0.1721381 -0.1745954 1.3694747 -0.7248112 -2.6800067 0.8461923 -4.3529028
0.1320000 0.0204128 -0.2728617 -0.1750725 -0.1837300 1.3701411 -0.7400815 -1.8592071 -0.4590071 -3.2023770
0.1360000 0.0196629 -0.2673850 -0.1780587 -0.1894690 1.3658026 -0.7504302 -0.9942630 -1.6475203 -1.9019688
0.1400000 0.0188970 -0.2619353 -0.1810759 -0.1916841 1.3569609 -0.7552972 -0.1094715 -2.7058366 -0.4744749
0.1440000 0.0181294 -0.2565293 -0.1841011 -0.1903448 1.3441559 -0.7542260 0.7705381 -3.6286892 1.0509689
0.1480000 0.0173743 -0.2511820 -0.1871097 -0.1855198 1.3279314 -0.7468895 1.6210098 -4.4189855 2.6391214
0.1520000 0.0166452 -0.2459059 -0.1900762 -0.1773767 1.3088040 -0.7331131 2.4173908 -5.0866922 4.2493761
0.1560000 0.0159552 -0.2407116 -0.1929746 -0.1661807 1.2872379 -0.7128945 3.1359568 -5.6472727 5.8372453
0.1600000 0.0153158 -0.2356080 -0.1957794 -0.1522891 1.2636258 -0.6864151 3.7547110 -6.1200130 7.3563783
0.1640000 0.0147369 -0.2306026 -0.1984659 -0.1361430 1.2382778 -0.6540434 4.2544710 -6.5262989 8.7608379
0.1680000 0.0142267 -0.2257018 -0.2010117 -0.1182533 1.2114154 -0.6163284 4.6200571 -6.8878359 10.0075034
0.1720000 0.0137909 -0.2209113 -0.2033966 -0.0991825 1.1831751 -0.5739834 4.8414303 -7.2249228 11.0584646
0.1760000 0.0134332 -0.2162364 -0.2056036 -0.0795219 1.1536161 -0.5278607 4.9145726 -7.5550911 11.8831657
0.1800000 0.0131547 -0.2116823 -0.2076195 -0.0598659 1.1227343 -0.4789181 4.8419641 -7.8924942 12.4601198
0.1840000 0.0129543 -0.2072545 -0.2094349 -0.0407861 1.0904761 -0.4281797 4.6325961 -8.2480942 12.7780924
0.1880000 0.0128284 -0.2029585 -0.2110449 -0.0228052 1.0567496 -0.3766933 4.3014866 -8.6301151 12.8366132
0.1920000 0.0127718 -0.1988005 -0.2124485 -0.0063742 1.0214352 -0.3254868 3.8686870 -9.0440923 12.6456704
0.1960000 0.0127774 -0.1947870 -0.2136488 0.0081443 0.9843969 -0.2755280 3.3578292 -9.4923259 12.2245610
0.2000000 0.0128370 -0.1909253 -0.2146527 0.0204884 0.9454966 -0.2276903 2.7943679 -9.9730041 11.6000380
0.2040000 0.0129413 -0.1872231 -0.2154703 0.0304993 0.9046128 -0.1827277 2.2038046 -10.4793467 10.8040821
0.2080000 0.0130810 -0.1836884 -0.2161145 0.0381188 0.8616618 -0.1412577 1.6101987 -10.9991251 9.8717432
0.2120000 0.0132463 -0.1803298 -0.2166004 0.0433809 0.8166198 -0.1037537 1.0351089 -11.5149721 8.8393512
0.2160000 0.0134280 -0.1771555 -0.2169445 0.0463997 0.7695420 -0.0705429 0.4969101 -12.0056861 7.7430962
0.2200000 0.0136175 -0.1741734 -0.2171647 0.0473562 0.7205743 -0.0418090 0.0103772 -12.4481875 6.6178076
0.2240000 0.0138069 -0.1713909 -0.2172790 0.0464827 0.6699565 -0.0176004 -0.4135091 -12.8194162 5.4958514
0.2280000 0.0139894 -0.1688138 -0.2173055 0.0440481 0.6180190 0.0021579 -0.7675460 -13.0977288 4.4062312
0.2320000 0.0141593 -0.1664467 -0.2172618 0.0403423 0.5651747 0.0176494 -1.0481291 -13.2639045 3.3739754
0.2360000 0.0143121 -0.1642924 -0.2171643 0.0356630 0.5119078 0.0291497 -1.2549727 -13.3020680 2.4197252
0.2400000 0.0144446 -0.1623515 -0.2170286 0.0303026 0.4587582 0.0370072 -1.3907284 -13.2006439 1.5594224
0.2440000 0.0145545 -0.1606223 -0.2168683 0.0245372 0.4063026 0.0416250 -1.4604403 -12.9532124 0.8042042
0.2480000 0.0146409 -0.1591010 -0.2166956 0.0186190 0.3551325 0.0434409 -1.4708619 -12.5590762 0.1606382
0.2520000 0.0147035 -0.1577813 -0.2165207 0.0127703 0.3058300 0.0429101 -1.4298068 -12.0234292 -0.3688279
0.2560000 0.0147430 -0.1566544 -0.2163523 0.0071806 0.2589450 0.0404903 -1.3457041 -11.3571240 -0.7854677
0.2600000 0.0147609 -0.1557097 -0.2161968 0.0020047 0.2149730 0.0366264 -1.2273447 -10.5760990 -1.0939811
0.2640000 0.0147591 -0.1549346 -0.2160593 -0.0026382 0.1743362 0.0317384 -1.0836630 -9.7005353 -1.3021131
0.2680000 0.0147398 -0.1543150 -0.2159429 -0.0066646 0.1373687 0.0262095 -0.9234458 -8.7538062 -1.4200507
0.2720000 0.0147057 -0.1538357 -0.2158496 -0.0100257 0.1043058 0.0203780 -0.7549995 -7.7612683 -1.4596681
0.2760000 0.0146596 -0.1534806 -0.2157799 -0.0127046 0.0752786 0.0145322 -0.5858725 -6.7489480 -1.4338040
0.2800000 0.0146041 -0.1532334 -0.2157333 -0.0147127 0.0503142 0.0089076 -0.4226750 -5.7422104 -1.3556647
0.2840000 0.0145419 -0.1530780 -0.2157086 -0.0160860 0.0293409 0.0036868 -0.2709442 -4.7645308 -1.2382804
0.2880000 0.0144754 -0.1529987 -0.2157038 -0.0168803 0.0121980 -0.0009987 -0.1349976 -3.8364845 -1.0939498
0.2920000 0.0144069 -0.1529805 -0.2157166 -0.0171660 -0.0013510 -0.0050648 -0.0178071 -2.9750523 -0.9337476
0.2960000 0.0143381 -0.1530095 -0.2157444 -0.0170227 -0.0116025 -0.0084687 0.0790520 -2.1932881 -0.7671807
0.3000000 0.0142707 -0.1530733 -0.2157844 -0.0165336 -0.0188973 -0.0112022 0.1553613 -1.5003065 -0.6019729
0.3040000 0.0142058 -0.1531607 -0.2158340 -0.0157798 -0.0236049 -0.0132844 0.2121039 -0.9014823 -0.4440020
0.3080000 0.0141444 -0.1532621 -0.2158906 -0.0148367 -0.0261091 -0.0147542 0.2511650 -0.3987607 -0.2974739
0.3120000 0.0140871 -0.1533696 -0.2159520 -0.0137705 -0.0267950 -0.0156642 0.2749379 0.0089698 -0.1652894
0.3160000 0.0140343 -0.1534765 -0.2160160 -0.0126372 -0.0260374 -0.0160765 0.2859744 0.3254528 -0.0493893
0.3200000 0.0139860 -0.1535779 -0.2160806 -0.0114827 -0.0241914 -0.0160593 0.2867820 0.5566072 0.0491083
0.3240000 0.0139424 -0.1536700 -0.2161444 -0.0103430 -0.0215845 -0.0156837 0.2797558 0.7100870 0.1299478
0.3280000 0.0139033 -0.1537505 -0.2162061 -0.0092447 -0.0185107 -0.0150198 0.2671278 0.7948887 0.1937330
0.3320000 0.0138685 -0.1538181 -0.2162646 -0.0082060 -0.0152254 -0.0141338 0.2508748 0.8209827 0.2417383
0.3360000 0.0138376 -0.1538723 -0.2163192 -0.0072377 -0.0119428 -0.0130859 0.2326557 0.7989149 0.2756496
0.3400000 0.0138106 -0.1539136 -0.2163693 -0.0063447 -0.0088341 -0.0119286 0.2138443 0.7393785 0.2974050
0.3440000 0.0137869 -0.1539430 -0.2164146 -0.0055269 -0.0060278 -0.0107066 0.1955669 0.6527988 0.3090644
0.3480000 0.0137663 -0.1539619 -0.2164549 -0.0047802 -0.0036117 -0.0094561 0.1786312 0.5489661 0.3125380
0.3520000 0.0137486 -0.1539719 -0.2164902 -0.0040979 -0.0016361 -0.0082063 0.0852878 0.2469550 0.1562232
0.3560000 0.0137336 -0.1539750 -0.2165206 -0.0040979 -0.0016361 -0.0082063 0.0852878 0.2469550 0.1562232
