0.0000000 0.0192139 -0.3734992 -0.1138744 -0.0143621 0.0808391 -0.0246102 -0.7138826 1.4421737 -0.3542382
0.0040000 0.0191655 -0.3731949 -0.1139692 -0.0143621 0.0808391 -0.0246102 -0.7138826 1.4421737 -0.3542382
0.0080000 0.0190991 -0.3728525 -0.1140713 -0.0200731 0.0923765 -0.0274441 -1.7446813 3.4022955 -0.9746729
0.0120000 0.0190049 -0.3724559 -0.1141887 -0.0283195 0.1080575 -0.0324076 -2.3985831 4.4568223 -1.5345308
0.0160000 0.0188725 -0.3719880 -0.1143305 -0.0392618 0.1280311 -0.0397204 -3.0844611 5.5329181 -2.1441889
0.0200000 0.0186908 -0.3714316 -0.1145065 -0.0529952 0.1523208 -0.0495611 -3.7853315 6.5992980 -2.7930456
0.0240000 0.0184485 -0.3707695 -0.1147270 -0.0695445 0.1808255 -0.0620647 -4.4832127 7.6256677 -3.4701190
0.0280000 0.0181344 -0.3699850 -0.1150030 -0.0888609 0.2133262 -0.0773221 -5.1597667 8.5843156 -4.1645296
0.0320000 0.0177376 -0.3690629 -0.1153456 -0.1108226 0.2495000 -0.0953810 -5.7969199 9.4516341 -4.8657311
0.0360000 0.0172479 -0.3679890 -0.1157660 -0.1352363 0.2889392 -0.1162479 -6.3774450 10.2093922 -5.5635927
0.0400000 0.0166558 -0.3667513 -0.1162756 -0.1618421 0.3311751 -0.1398897 -6.8855065 10.8455920 -6.2484530
0.0440000 0.0159531 -0.3653396 -0.1168852 -0.1903203 0.3757040 -0.1662355 -7.3071468 11.3548263 -6.9110880
0.0480000 0.0151332 -0.3637457 -0.1176054 -0.2202993 0.4220137 -0.1951784 -7.6306964 11.7382206 -7.5424844
0.0520000 0.0141907 -0.3619635 -0.1184466 -0.2513659 0.4696097 -0.2265754 -7.8471116 12.0030653 -8.1334432
0.0560000 0.0131223 -0.3599888 -0.1194181 -0.2830762 0.5180383 -0.2602460 -7.9502024 12.1620626 -8.6741460
0.0600000 0.0119261 -0.3578192 -0.1205285 -0.3149675 0.5669062 -0.2959686 -7.9366808 12.2319830 -9.1538355
0.0640000 0.0106025 -0.3554536 -0.1217858 -0.3465697 0.6158941 -0.3334766 -7.8060385 12.2317548 -9.5607617
0.0680000 0.0091536 -0.3528921 -0.1231964 -0.3774158 0.6647603 -0.3724547 -7.5603632 12.1802995 -9.8824274
0.0720000 0.0075832 -0.3501355 -0.1247654 -0.4070526 0.7133365 -0.4125361 -7.2041129 12.0943580 -10.1059297
0.0760000 0.0058971 -0.3471854 -0.1264967 -0.4350487 0.7615151 -0.4533021 -6.7437074 11.9862943 -10.2180981
0.0800000 0.0041028 -0.3440434 -0.1283919 -0.4610022 0.8092269 -0.4942808 -6.1868979 11.8619908 -10.2054229
0.0840000 0.0022091 -0.3407115 -0.1304509 -0.4845439 0.8564111 -0.5349455 -5.5422005 11.7193785 -10.0542190
0.0880000 0.0002265 -0.3371921 -0.1326714 -0.5053398 0.9029819 -0.5747146 -4.8187944 11.5482036 -9.7515370
0.0920000 -0.0018336 -0.3334877 -0.1350486 -0.5230943 0.9487967 -0.6129578 -4.0269890 11.3311565 -9.2868920
0.0960000 -0.0039583 -0.3296017 -0.1375751 -0.5375557 0.9936312 -0.6490097 -3.1790160 11.0460391 -8.6543633
0.1000000 -0.0061340 -0.3255386 -0.1402407 -0.5485264 1.0371650 -0.6821927 -2.2898601 10.6685722 -7.8545683
0.1040000 -0.0083465 -0.3213044 -0.1430326 -0.5558746 1.0789797 -0.7118463 -1.3779985 10.1755276 -6.8962907
0.1080000 -0.0105810 -0.3169068 -0.1459355 -0.5595504 1.1185692 -0.7373630 -0.4659371 9.5479019 -5.7976473
0.1120000 -0.0128229 -0.3123558 -0.1489315 -0.5596021 1.1553629 -0.7582275 0.4196638 8.7738452 -4.5865469
0.1160000 -0.0150578 -0.3076639 -0.1520013 -0.5561931 1.1887600 -0.7740554 1.2485084 7.8509431 -3.3001569
0.1200000 -0.0172725 -0.3028458 -0.1551240 -0.5496141 1.2181705 -0.7846287 1.9880188 6.7872524 -1.9831825
0.1240000 -0.0194548 -0.2979185 -0.1582783 -0.5402889 1.2430580 -0.7899209 2.6056466 5.6005185 -0.6848512
0.1280000 -0.0215948 -0.2929013 -0.1614433 -0.5287689 1.2629746 -0.7901075 3.0719928 4.3155293 0.5452499
0.1320000 -0.0236849 -0.2878147 -0.1645992 -0.5157130 1.2775822 -0.7855589 3.3641562 2.9603666 1.6618542
0.1360000 -0.0257205 -0.2826806 -0.1677278 -0.5018556 1.2866576 -0.7768127 3.4685128 1.5628631 2.6282137
0.1400000 -0.0276998 -0.2775215 -0.1708137 -0.4879649 1.2900851 -0.7645331 3.3823137 0.1484649 3.4189553
0.1440000 -0.0296242 -0.2723600 -0.1738441 -0.4747971 1.2878453 -0.7494610 3.1139270 -1.2600948 4.0212853
0.1480000 -0.0314981 -0.2672187 -0.1768094 -0.4630535 1.2800044 -0.7323629 2.6818947 -2.6417779 4.4347175
0.1520000 -0.0333286 -0.2621199 -0.1797030 -0.4533420 1.2667111 -0.7139833 2.1131146 -3.9756472 4.6696647
0.1560000 -0.0351249 -0.2570850 -0.1825212 -0.4461485 1.2481992 -0.6950055 1.4405092 -5.2393699 4.7453292
0.1600000 -0.0368978 -0.2521343 -0.1852630 -0.4418179 1.2247961 -0.6760207 0.7006287 -6.4084944 4.6874942
0.1640000 -0.0386594 -0.2472867 -0.1879294 -0.4405435 1.1969313 -0.6575056 -0.0683997 -7.4570590 4.5267294
0.1680000 -0.0404222 -0.2425589 -0.1905231 -0.4423651 1.1651396 -0.6398068 -0.8284438 -8.3594119 4.2970162
0.1720000 -0.0421983 -0.2379655 -0.1930478 -0.4471711 1.1300560 -0.6231295 -1.5426101 -9.0923718 4.0343533
0.1760000 -0.0439995 -0.2335184 -0.1955081 -0.4547060 1.0924007 -0.6075320 -2.1762615 -9.6369007 3.7750713
0.1800000 -0.0458360 -0.2292263 -0.1979081 -0.4645812 1.0529608 -0.5929289 -2.6976843 -9.9791504 3.5540997
0.1840000 -0.0477162 -0.2250947 -0.2002515 -0.4762874 1.0125675 -0.5790992 -3.0783334 -10.1111909 3.4035267
0.1880000 -0.0496463 -0.2211258 -0.2025409 -0.4892078 0.9720712 -0.5657007 -3.2929336 -10.0316188 3.3514056
0.1920000 -0.0516298 -0.2173182 -0.2047771 -0.5026309 0.9323145 -0.5522880 -3.3198783 -9.7459897 3.4205371
0.1960000 -0.0536673 -0.2136673 -0.2069592 -0.5157668 0.8941033 -0.5383364 -3.1421302 -9.2669336 3.6272064
0.2000000 -0.0557560 -0.2101654 -0.2090838 -0.5277679 0.8581790 -0.5232703 -2.7485212 -8.6138557 3.9800938
0.2040000 -0.0578895 -0.2068018 -0.2111454 -0.5377550 0.8251925 -0.5064956 -2.1352796 -7.8121998 4.4794459
0.2080000 -0.0600580 -0.2035638 -0.2131358 -0.5448502 0.7956814 -0.4874347 -1.3076471 -6.8923707 5.1163903
0.2120000 -0.0622483 -0.2004364 -0.2150448 -0.5482162 0.7700535 -0.4655645 -0.2812850 -5.8885355 5.8724191
0.2160000 -0.0644437 -0.1974034 -0.2168603 -0.5471005 0.7485732 -0.4404554 0.9170860 -4.8375602 6.7194048
0.2200000 -0.0666251 -0.1944478 -0.2185685 -0.5408795 0.7313530 -0.4118093 2.2503280 -3.7782133 7.6205860
0.2240000 -0.0687708 -0.1915526 -0.2201548 -0.5290978 0.7183474 -0.3794907 3.6728098 -2.7504633 8.5325918
0.2280000 -0.0708579 -0.1887010 -0.2216044 -0.5114970 0.7093493 -0.3435485 5.1330002 -1.7943846 9.4080920
0.2320000 -0.0728627 -0.1858778 -0.2229032 -0.4880338 0.7039924 -0.3042260 6.5760049 -0.9482904 10.1985499
0.2360000 -0.0747621 -0.1830691 -0.2240382 -0.4588890 0.7017630 -0.2619601 7.9458527 -0.2462705 10.8568991
0.2400000 -0.0765339 -0.1802637 -0.2249989 -0.4244670 0.7020222 -0.2173708 9.1878826 0.2842170 11.3402976
0.2440000 -0.0781579 -0.1774529 -0.2257772 -0.3853859 0.7040367 -0.1712378 10.2515847 0.6240464 11.6130382
0.2480000 -0.0796169 -0.1746314 -0.2263688 -0.3424543 0.7070146 -0.1244665 11.0937897 0.7631011 11.6493262
0.2520000 -0.0808975 -0.1717968 -0.2267729 -0.2966356 0.7101415 -0.0780431 11.6816775 0.7000044 11.4354069
0.2560000 -0.0819900 -0.1689502 -0.2269931 -0.2490009 0.7126146 -0.0329832 11.9950010 0.4412705 10.9706536
0.2600000 -0.0828895 -0.1660959 -0.2270368 -0.2006756 0.7136717 0.0097221 12.0271337 0.0003342 10.2675458
0.2640000 -0.0835954 -0.1632409 -0.2269153 -0.1527839 0.7126173 0.0491571 11.7848501 -0.6033162 9.3506750
0.2680000 -0.0841118 -0.1603949 -0.2266435 -0.1063968 0.7088452 0.0845275 11.2870195 -1.3450694 8.2549538
0.2720000 -0.0844466 -0.1575701 -0.2262391 -0.0624877 0.7018567 0.1151968 10.5625385 -2.1964010 7.0232052
0.2760000 -0.0846117 -0.1547801 -0.2257220 -0.0218965 0.6912740 0.1407131 9.6478298 -3.1261911 5.7033569
0.2800000 -0.0846218 -0.1520399 -0.2251134 0.0146949 0.6768472 0.1608236 8.5842005 -4.1018428 4.3454545
0.2840000 -0.0844941 -0.1493653 -0.2244354 0.0467771 0.6584592 0.1754768 7.4153115 -5.0902792 2.9986147
0.2880000 -0.0842476 -0.1467722 -0.2237096 0.0740174 0.6361250 0.1848126 6.1849368 -6.0591136 1.7080275
0.2920000 -0.0839020 -0.1442763 -0.2229569 0.0962566 0.6099863 0.1891410 4.9351074 -6.9779765 0.5122823
0.2960000 -0.0834775 -0.1418923 -0.2221965 0.1134983 0.5803012 0.1889108 3.7046721 -7.8197107 -0.5585980
0.3000000 -0.0829940 -0.1396339 -0.2214456 0.1258940 0.5474286 0.1846722 2.5282329 -8.5612147 -1.4841360
0.3040000 -0.0824704 -0.1375129 -0.2207191 0.1337242 0.5118114 0.1770377 1.4353643 -9.1838622 -2.2533094
0.3080000 -0.0819242 -0.1355394 -0.2200293 0.1373769 0.4739577 0.1666457 0.4500290 -9.6735096 -2.8635275
0.3120000 -0.0813713 -0.1337213 -0.2193859 0.1373244 0.4344234 0.1541295 -0.4098175 -10.0202037 -3.3189787
0.3160000 -0.0808256 -0.1320640 -0.2187962 0.1340984 0.3937961 0.1400939 -1.1323720 -10.2177924 -3.6287214
0.3200000 -0.0802986 -0.1305709 -0.2182652 0.1282654 0.3526810 0.1250997 -1.7118407 -10.2636708 -3.8048625
0.3240000 -0.0797995 -0.1292426 -0.2177954 0.1204036 0.3116867 0.1096550 -2.1480283 -10.1588042 -3.8610834
0.3280000 -0.0793353 -0.1280774 -0.2173879 0.1110812 0.2714106 0.0942111 -2.4457142 -9.9079867 -3.8116488
0.3320000 -0.0789108 -0.1270713 -0.2170418 0.1008379 0.2324228 0.0791618 -2.6138999 -9.5201539 -3.6708974
0.3360000 -0.0785286 -0.1262180 -0.2167546 0.0901700 0.1952494 0.0648439 -2.6650201 -9.0085256 -3.4531291
0.3400000 -0.0781895 -0.1255093 -0.2165230 0.0795178 0.1603546 0.0515368 -2.6141373 -8.3904260 -3.1727398
0.3440000 -0.0778925 -0.1249352 -0.2163423 0.0692569 0.1281260 0.0394620 -2.4780923 -7.6867443 -2.8443903
0.3480000 -0.0776354 -0.1244843 -0.2162073 0.0596930 0.0988607 0.0287817 -2.2746124 -6.9210779 -2.4829798
0.3520000 -0.0774149 -0.1241443 -0.2161121 0.0510600 0.0727573 0.0195981 -2.0214351 -6.1186272 -2.1032975
0.3560000 -0.0772269 -0.1239022 -0.2160505 0.0435215 0.0499117 0.0119553 -1.7355363 -5.3049444 -1.7194249
0.3600000 -0.0770668 -0.1237450 -0.2160164 0.0371757 0.0303178 0.0058427 -1.4325548 -4.5046687 -1.3441012
0.3640000 -0.0769295 -0.1236597 -0.2160038 0.0320611 0.0138743 0.0012025 -1.1264373 -3.7403752 -0.9882582
0.3680000 -0.0768103 -0.1236340 -0.2160068 0.0281642 0.0003948 -0.0020633 -0.8292363 -3.0316326 -0.6608013
0.3720000 -0.0767042 -0.1236565 -0.2160203 0.0254272 -0.0103788 -0.0040840 -0.5509443 -2.3943275 -0.3685509
0.3760000 -0.0766069 -0.1237170 -0.2160395 0.0237566 -0.0187598 -0.0050117 -0.2993242 -1.8402713 -0.1162044
0.3800000 -0.0765142 -0.1238066 -0.2160604 0.0230326 -0.0251009 -0.0050136 -0.0798226 -1.3770610 0.0936750
0.3840000 -0.0764226 -0.1239178 -0.2160796 0.0231181 -0.0297763 -0.0042623 0.1043318 -1.0081468 0.2605040
0.3880000 -0.0763292 -0.1240448 -0.2160945 0.0238673 -0.0331661 -0.0029296 0.2518818 -0.7330593 0.3853374
0.3920000 -0.0762317 -0.1241832 -0.2161030 0.0251331 -0.0356408 -0.0011796 0.3632555 -0.5477429 0.4705058
0.3960000 -0.0761282 -0.1243299 -0.2161039 0.0267733 -0.0375480 0.0008345 0.4402550 -0.4449540 0.5193711
0.4000000 -0.0760175 -0.1244835 -0.2160964 0.0286552 -0.0392004 0.0029753 0.4856642 -0.4146999 0.5361288
0.4040000 -0.0758989 -0.1246435 -0.2160801 0.0306586 -0.0408656 0.0051235 0.5027796 -0.4447101 0.5255056
0.4080000 -0.0757722 -0.1248105 -0.2160554 0.0326774 -0.0427581 0.0071794 0.4949757 -0.5209300 0.4923490
0.4120000 -0.0756375 -0.1249856 -0.2160227 0.0346184 -0.0450331 0.0090623 0.4654390 -0.6280261 0.4413037
0.4160000 -0.0754953 -0.1251707 -0.2159829 0.0364009 -0.0477823 0.0107098 0.4171048 -0.7499052 0.3767257
0.4200000 -0.0753463 -0.1253679 -0.2159370 0.0379553 -0.0510323 0.0120761 0.3526795 -0.8702692 0.3027357
0.4240000 -0.0751916 -0.1255790 -0.2158863 0.0392223 -0.0547445 0.0131317 0.2746401 -0.9732402 0.2232049
0.4280000 -0.0750325 -0.1258058 -0.2158319 0.0401524 -0.0588182 0.0138618 0.1852506 -1.0440578 0.1416317
0.4320000 -0.0748704 -0.1260495 -0.2157754 0.0407043 -0.0630969 0.0142647 0.0866853 -1.0698169 0.0610365
0.4360000 -0.0747069 -0.1263106 -0.2157178 0.0408459 -0.0673768 0.0143501 -0.0187732 -1.0401915 -0.0160319
0.4400000 -0.0745436 -0.1265886 -0.2156606 0.0405542 -0.0714185 0.0141365 -0.1285685 -0.9480978 -0.0873893
0.4440000 -0.0743824 -0.1268819 -0.2156047 0.0398173 -0.0749616 0.0136509 -0.2397998 -0.7902574 -0.1510623
0.4480000 -0.0742251 -0.1271883 -0.2155514 0.0386358 -0.0777405 0.0129280 -0.3492560 -0.5676503 -0.2051905
0.4520000 -0.0740734 -0.1275039 -0.2155013 0.0370233 -0.0795028 0.0120094 -0.4535562 -0.2858516 -0.2481130
0.4560000 -0.0739289 -0.1278243 -0.2154553 0.0350073 -0.0800274 0.0109431 -0.5493614 0.0448076 -0.2786462
0.4600000 -0.0737933 -0.1281441 -0.2154138 0.0326284 -0.0791443 0.0097802 -0.6335823 0.4093828 -0.2963868
0.4640000 -0.0736679 -0.1284574 -0.2153770 0.0299387 -0.0767523 0.0085720 -0.7035155 0.7888707 -0.3018485
0.4680000 -0.0735538 -0.1287581 -0.2153452 0.0270003 -0.0728333 0.0073655 -0.3672997 0.4898691 -0.1508159
0.4720000 -0.0734519 -0.1290401 -0.2153181 0.0270003 -0.0728333 0.0073655 -0.3672997 0.4898691 -0.1508159
