0.0000000 0.0321385 -0.3714844 -0.1063871 -0.0093725 -0.0103344 0.0068198 -0.1391075 -0.0670366 0.0811815
0.0040000 0.0321036 -0.3715241 -0.1063614 -0.0093725 -0.0103344 0.0068198 -0.1391075 -0.0670366 0.0811815
0.0080000 0.0320635 -0.3715671 -0.1063326 -0.0104853 -0.0108707 0.0074692 -0.2313799 -0.0447362 0.1245633
0.0120000 0.0320197 -0.3716110 -0.1063016 -0.0112235 -0.0106923 0.0078163 -0.1214831 0.1535070 0.0347667
0.0160000 0.0319738 -0.3716527 -0.1062700 -0.0114572 -0.0096427 0.0077473 0.0225100 0.3921094 -0.0842880
0.0200000 0.0319280 -0.3716882 -0.1062397 -0.0110434 -0.0075554 0.0071420 0.2036821 0.6735532 -0.2338487
0.0240000 0.0318854 -0.3717131 -0.1062129 -0.0098277 -0.0042542 0.0058766 0.4245714 1.0003598 -0.4143397
0.0280000 0.0318494 -0.3717222 -0.1061927 -0.0076469 0.0004474 0.0038272 0.6869296 1.3749703 -0.6255214
0.0320000 0.0318242 -0.3717095 -0.1061823 -0.0043323 0.0067455 0.0008724 0.9915621 1.7995737 -0.8663848
0.0360000 0.0318148 -0.3716682 -0.1061857 0.0002856 0.0148440 -0.0031038 1.3382409 2.2759211 -1.1348613
0.0400000 0.0318265 -0.3715908 -0.1062071 0.0063736 0.0249529 -0.0082065 1.7256371 2.8051771 -1.4276206
0.0440000 0.0318657 -0.3714686 -0.1062513 0.0140907 0.0372854 -0.0145248 2.1512432 3.3878315 -1.7401391
0.0480000 0.0319392 -0.3712925 -0.1063233 0.0235836 0.0520555 -0.0221276 2.6113071 4.0236543 -2.0669690
0.0520000 0.0320544 -0.3710522 -0.1064283 0.0349812 0.0694747 -0.0310605 3.1008021 4.7116615 -2.4020043
0.0560000 0.0322191 -0.3707367 -0.1065718 0.0483900 0.0897488 -0.0413436 3.6134205 5.4500631 -2.7386209
0.0600000 0.0324415 -0.3703342 -0.1067591 0.0638886 0.1130752 -0.0529695 4.1415764 6.2361881 -3.0697142
0.0640000 0.0327302 -0.3698321 -0.1069956 0.0815226 0.1396383 -0.0659014 4.6764456 7.0664238 -3.3877211
0.0680000 0.0330937 -0.3692171 -0.1072863 0.1013001 0.1696066 -0.0800713 5.2081045 7.9362201 -3.6847094
0.0720000 0.0335406 -0.3684752 -0.1076361 0.1231874 0.2031281 -0.0953790 5.7257821 8.8401711 -3.9526397
0.0760000 0.0340792 -0.3675921 -0.1080493 0.1471064 0.2403279 -0.1116924 6.2182038 9.7721329 -4.1838306
0.0800000 0.0347175 -0.3665526 -0.1085297 0.1729331 0.2813052 -0.1288497 6.6740063 10.7253000 -4.3714695
0.0840000 0.0354627 -0.3653416 -0.1090801 0.2004984 0.3261303 -0.1466642 7.0821607 11.6921195 -4.5099395
0.0880000 0.0363214 -0.3639436 -0.1097030 0.2295904 0.3748421 -0.1649292 7.4322704 12.6639224 -4.5949432
0.0920000 0.0372994 -0.3623429 -0.1103996 0.2599566 0.4274417 -0.1834237 7.7146528 13.6303092 -4.6236313
0.0960000 0.0384011 -0.3605240 -0.1111704 0.2913076 0.4838846 -0.2019182 7.9202761 14.5785251 -4.5949377
0.1000000 0.0396299 -0.3584718 -0.1120149 0.3233188 0.5440699 -0.2201832 8.0407001 15.4930692 -4.5100883
0.1040000 0.0409876 -0.3561715 -0.1129318 0.3556332 0.6078291 -0.2379990 8.0681197 16.3556255 -4.3730206
0.1080000 0.0424749 -0.3536092 -0.1139189 0.3878638 0.6749149 -0.2551674 7.9955133 17.1453153 -4.1905031
0.1120000 0.0440906 -0.3507722 -0.1149732 0.4195973 0.7449917 -0.2715230 7.8168509 17.8392321 -3.9720103
0.1160000 0.0458317 -0.3476492 -0.1160911 0.4503986 0.8176288 -0.2869435 7.5273473 18.4131633 -3.7295000
0.1200000 0.0476937 -0.3442311 -0.1172687 0.4798161 0.8922970 -0.3013590 7.1238024 18.8423917 -3.4770576
0.1240000 0.0496702 -0.3405109 -0.1185020 0.5073890 0.9683679 -0.3147599 6.6050240 19.1025283 -3.2302640
0.1280000 0.0517529 -0.3364842 -0.1197868 0.5326563 1.0451172 -0.3272011 5.9721500 19.1702945 -3.0052756
0.1320000 0.0539315 -0.3321499 -0.1211196 0.5551662 1.1217303 -0.3388021 5.2286296 19.0241597 -2.8177673
0.1360000 0.0561942 -0.3275103 -0.1224972 0.5744853 1.1973105 -0.3497432 4.3798955 18.6450052 -2.6819214
0.1400000 0.0585274 -0.3225714 -0.1239175 0.5902054 1.2708903 -0.3602575 3.4330943 18.0172606 -2.6095711
0.1440000 0.0609158 -0.3173432 -0.1253793 0.6019501 1.3414486 -0.3706198 2.3971675 17.1306793 -2.6094304
0.1480000 0.0633430 -0.3118398 -0.1268825 0.6093827 1.4079357 -0.3811329 1.2831432 15.9822479 -2.6862372
0.1520000 0.0657909 -0.3060797 -0.1284283 0.6122152 1.4693065 -0.3921097 0.1042807 14.5774805 -2.8397782
0.1560000 0.0682407 -0.3000854 -0.1300194 0.6102169 1.5245556 -0.4038512 -1.1240789 12.9307634 -3.0640171
0.1600000 0.0706726 -0.2938833 -0.1316591 0.6032226 1.5727527 -0.4166218 -2.3848198 11.0649186 -3.3466213
0.1640000 0.0730665 -0.2875034 -0.1333523 0.5911384 1.6130749 -0.4306241 -3.6593059 9.0103111 -3.6690865
0.1680000 0.0754017 -0.2809787 -0.1351041 0.5739481 1.6448351 -0.4459745 -4.9274723 6.8037191 -4.0074973
0.1720000 0.0776581 -0.2743447 -0.1369201 0.5517186 1.6675047 -0.4626841 -6.1677684 4.4870396 -4.3337864
0.1760000 0.0798155 -0.2676386 -0.1388056 0.5246060 1.6807315 -0.4806448 -7.3571047 2.1058085 -4.6172832
0.1800000 0.0818549 -0.2608988 -0.1407653 0.4928618 1.6843512 -0.4996224 -8.4710139 -0.2924855 -4.8264309
0.1840000 0.0837584 -0.2541638 -0.1428026 0.4568379 1.6783916 -0.5192563 -9.4841842 -2.6602881 -4.9306826
0.1880000 0.0855096 -0.2474717 -0.1449193 0.4169883 1.6630689 -0.5390678 -10.3713881 -4.9520275 -4.9026003
0.1920000 0.0870943 -0.2408593 -0.1471151 0.3738668 1.6387754 -0.5584771 -11.1086884 -7.1261451 -4.7200746
0.1960000 0.0885005 -0.2343615 -0.1493871 0.3281188 1.6060597 -0.5768284 -11.6747420 -9.1468376 -4.3684556
0.2000000 0.0897192 -0.2280108 -0.1517298 0.2804688 1.5656007 -0.5934247 -12.0520599 -10.9853274 -3.8423107
0.2040000 0.0907443 -0.2218367 -0.1541345 0.2317023 1.5181771 -0.6075669 -12.2281655 -12.6206080 -3.1465726
0.2080000 0.0915729 -0.2158654 -0.1565903 0.1826435 1.4646358 -0.6185973 -12.1966164 -14.0396077 -2.2969523
0.2120000 0.0922054 -0.2101196 -0.1590833 0.1341294 1.4058602 -0.6259425 -11.9578047 -15.2367334 -1.3195593
0.2160000 0.0926459 -0.2046185 -0.1615978 0.0869811 1.3427419 -0.6291538 -11.5193922 -16.2128776 -0.2496406
0.2200000 0.0929013 -0.1993777 -0.1641166 0.0419742 1.2761572 -0.6279397 -10.8962282 -16.9740945 0.8706334
0.2240000 0.0929817 -0.1944093 -0.1666214 -0.0001888 1.2069492 -0.6221887 -10.1097059 -17.5302205 1.9952300
0.2280000 0.0928998 -0.1897221 -0.1690941 -0.0389034 1.1359154 -0.6119778 -9.1866640 -17.8937029 3.0777850
0.2320000 0.0926705 -0.1853219 -0.1715172 -0.0736821 1.0637995 -0.5975664 -8.1580238 -18.0787616 4.0750716
0.2360000 0.0923103 -0.1812117 -0.1738746 -0.1041676 0.9912853 -0.5793772 -7.0572774 -18.1008385 4.9499984
0.2400000 0.0918371 -0.1773916 -0.1761522 -0.1301403 0.9189928 -0.5579664 -5.9188329 -17.9762048 5.6739513
0.2440000 0.0912692 -0.1738597 -0.1783383 -0.1515183 0.8474757 -0.5339856 -4.7762261 -17.7215779 6.2284294
0.2480000 0.0906250 -0.1706118 -0.1804241 -0.1683501 0.7772202 -0.5081390 -3.6603216 -17.3536110 6.6059536
0.2520000 0.0899224 -0.1676420 -0.1824034 -0.1808008 0.7086468 -0.4811380 -2.5977404 -16.8881824 6.8102453
0.2560000 0.0891786 -0.1649427 -0.1842732 -0.1891320 0.6421148 -0.4536570 -1.6097442 -16.3395128 6.8556531
0.2600000 0.0884093 -0.1625051 -0.1860327 -0.1936788 0.5779307 -0.4262928 -0.7117142 -15.7192693 6.7657650
0.2640000 0.0876291 -0.1603192 -0.1876835 -0.1948257 0.5163606 -0.3995309 0.0867676 -15.0359413 6.5711732
0.2680000 0.0868507 -0.1583742 -0.1892289 -0.1929846 0.4576432 -0.3737234 0.7813327 -14.2947791 6.3065090
0.2720000 0.0860853 -0.1566581 -0.1906733 -0.1885751 0.4020024 -0.3490788 1.3719374 -13.4984547 6.0071129
0.2760000 0.0853421 -0.1551582 -0.1920216 -0.1820091 0.3496555 -0.3256665 1.8619212 -12.6483976 5.7058739
0.2800000 0.0846292 -0.1538608 -0.1932786 -0.1736797 0.3008152 -0.3034319 2.2571871 -11.7465531 5.4307277
0.2840000 0.0839527 -0.1527516 -0.1944490 -0.1639517 0.2556831 -0.2822207 2.5655207 -10.7971586 5.2030291
0.2880000 0.0833176 -0.1518154 -0.1955364 -0.1531555 0.2144379 -0.2618076 2.7959633 -9.8081192 5.0367069
0.2920000 0.0827274 -0.1510361 -0.1965435 -0.1415839 0.1772182 -0.2419270 2.9581597 -8.7916542 4.9379835
0.2960000 0.0821849 -0.1503976 -0.1974718 -0.1294903 0.1441047 -0.2223038 3.0616526 -7.7640123 4.9055049
0.3000000 0.0816915 -0.1498833 -0.1983219 -0.1170907 0.1151061 -0.2026830 3.1151598 -6.7442650 4.9308276
0.3040000 0.0812482 -0.1494768 -0.1990933 -0.1045690 0.0901506 -0.1828571 3.1259445 -5.7524828 4.9992601
0.3080000 0.0808550 -0.1491621 -0.1997848 -0.0920832 0.0690862 -0.1626889 3.0994224 -4.8077837 5.0910743
0.3120000 0.0805115 -0.1489241 -0.2003948 -0.0797736 0.0516883 -0.1421285 3.0391135 -3.9266938 5.1831093
0.3160000 0.0802168 -0.1487486 -0.2009218 -0.0677703 0.0376727 -0.1212240 2.9469742 -3.1220917 5.2507591
0.3200000 0.0799693 -0.1486227 -0.2013646 -0.0561978 0.0267116 -0.1001225 2.8240497 -2.4028414 5.2702766
0.3240000 0.0797672 -0.1485349 -0.2017228 -0.0451779 0.0184499 -0.0790618 2.6712809 -1.7740330 5.2211731
0.3280000 0.0796079 -0.1484751 -0.2019971 -0.0348276 0.0125193 -0.0583531 2.4902429 -1.2375414 5.0883492
0.3320000 0.0794886 -0.1484347 -0.2021896 -0.0252559 0.0085496 -0.0383550 2.2836436 -0.7925785 4.8635458
0.3360000 0.0794059 -0.1484067 -0.2023039 -0.0165584 0.0061787 -0.0194447 2.0554956 -0.4360722 4.5458405
0.3400000 0.0793561 -0.1483853 -0.2023452 -0.0088120 0.0050610 -0.0019883 1.8109760 -0.1629084 4.1412025
0.3440000 0.0793354 -0.1483662 -0.2023198 -0.0020706 0.0048754 0.0136849 1.5560728 0.0338438 3.6613918
0.3480000 0.0793395 -0.1483463 -0.2022357 0.0036366 0.0053318 0.0273028 1.2971420 0.1626237 3.1225531
0.3520000 0.0793645 -0.1483236 -0.2021014 0.0083065 0.0061764 0.0386653 1.0404702 0.2329585 2.5437332
0.3560000 0.0794060 -0.1482969 -0.2019264 0.0119604 0.0071954 0.0476527 0.7919067 0.2549691 1.9454341
0.3600000 0.0794602 -0.1482660 -0.2017202 0.0146418 0.0082161 0.0542288 0.5566232 0.2388719 1.3482617
0.3640000 0.0795231 -0.1482312 -0.2014925 0.0164134 0.0091064 0.0584388 0.3390136 0.1945413 0.7717264
0.3680000 0.0795915 -0.1481932 -0.2012527 0.0173539 0.0097725 0.0604026 0.1426882 0.1311659 0.2332741
0.3720000 0.0796620 -0.1481530 -0.2010093 0.0175549 0.0101557 0.0603050 -0.0294962 0.0569996 -0.2523904
0.3760000 0.0797319 -0.1481119 -0.2007702 0.0171179 0.0102285 0.0583835 -0.1754060 -0.0207960 -0.6736725
0.3800000 0.0797989 -0.1480712 -0.2005422 0.0161516 0.0099894 0.0549156 -0.1207850 -0.0298888 -0.4334850
0.3840000 0.0798611 -0.1480320 -0.2003309 0.0161516 0.0099894 0.0549156 -0.1207850 -0.0298888 -0.4334850
