0.0000000 0.0204883 -0.3839950 -0.1429901 -0.0375890 0.1898845 -0.2316321 -0.2938111 2.0852783 -0.9860936
0.0040000 0.0203422 -0.3832633 -0.1439032 -0.0375890 0.1898845 -0.2316321 -0.2938111 2.0852783 -0.9860936
0.0080000 0.0201875 -0.3824760 -0.1448432 -0.0399395 0.2065667 -0.2395208 -0.6296729 4.8765426 -2.2637616
0.0120000 0.0200227 -0.3816108 -0.1458194 -0.0426264 0.2288968 -0.2497422 -0.7074970 6.2969309 -2.8280875
0.0160000 0.0198465 -0.3806448 -0.1468411 -0.0455995 0.2569422 -0.2621455 -0.7695930 7.7083504 -3.3382931
0.0200000 0.0196579 -0.3795552 -0.1479166 -0.0487831 0.2905636 -0.2764485 -0.8099151 9.0608085 -3.7652622
0.0240000 0.0194563 -0.3783203 -0.1490527 -0.0520788 0.3294286 -0.2922676 -0.8230917 10.3087705 -4.0883326
0.0280000 0.0192413 -0.3769198 -0.1502547 -0.0553679 0.3730338 -0.3091552 -0.8045834 11.4135067 -4.2964510
0.0320000 0.0190133 -0.3753360 -0.1515259 -0.0585155 0.4207367 -0.3266392 -0.7509144 12.3450487 -4.3884771
0.0360000 0.0187732 -0.3735539 -0.1528678 -0.0613752 0.4717942 -0.3442630 -0.6599985 13.0834847 -4.3725965
0.0400000 0.0185223 -0.3715616 -0.1542800 -0.0637954 0.5254046 -0.3616200 -0.5314559 13.6193501 -4.2647820
0.0440000 0.0182628 -0.3693507 -0.1557608 -0.0656268 0.5807490 -0.3783813 -0.3667798 13.9530085 -4.0863293
0.0480000 0.0179973 -0.3669157 -0.1573071 -0.0667297 0.6370286 -0.3943106 -0.1692856 14.0931172 -3.8607337
0.0520000 0.0177290 -0.3642544 -0.1589153 -0.0669811 0.6934939 -0.4092671 0.0561099 14.0544245 -3.6104319
0.0560000 0.0174615 -0.3613677 -0.1605812 -0.0662808 0.7494640 -0.4231941 0.3031811 13.8551892 -3.3540339
0.0600000 0.0171987 -0.3582587 -0.1623008 -0.0645557 0.8043354 -0.4360994 0.5646622 13.5145714 -3.1045425
0.0640000 0.0169450 -0.3549330 -0.1640700 -0.0617635 0.8575806 -0.4480304 0.8324078 13.0504875 -2.8688119
0.0680000 0.0167046 -0.3513981 -0.1658851 -0.0578964 0.9087393 -0.4590499 1.0974190 12.4784177 -2.6481674
0.0720000 0.0164818 -0.3476631 -0.1677424 -0.0529842 0.9574079 -0.4692158 1.3498448 11.8113373 -2.4397603
0.0760000 0.0162808 -0.3437388 -0.1696388 -0.0470976 1.0032300 -0.4785680 1.5791602 11.0605024 -2.2380862
0.0800000 0.0161051 -0.3396373 -0.1715710 -0.0403509 1.0458920 -0.4871205 1.7746118 10.2365769 -2.0363302
0.0840000 0.0159579 -0.3353717 -0.1735357 -0.0329008 1.0851227 -0.4948586 1.9258194 9.3505570 -1.8275332
0.0880000 0.0158419 -0.3309563 -0.1755298 -0.0249443 1.1206964 -0.5017407 2.0233881 8.4140722 -1.6056019
0.0920000 0.0157584 -0.3264061 -0.1775497 -0.0167136 1.1524352 -0.5077034 2.0594908 7.4390564 -1.3660551
0.0960000 0.0157081 -0.3217368 -0.1795915 -0.0084684 1.1802089 -0.5126692 2.0284693 6.4373630 -1.1064563
0.1000000 0.0156906 -0.3169644 -0.1816510 -0.0004859 1.2039341 -0.5165551 1.9275013 5.4209012 -0.8265844
0.1040000 0.0157043 -0.3121053 -0.1837239 0.0069516 1.2235761 -0.5192819 1.7573140 4.4021195 -0.5283221
0.1080000 0.0157463 -0.3071758 -0.1858053 0.0135726 1.2391511 -0.5207817 1.5228013 3.3941095 -0.2152029
0.1120000 0.0158128 -0.3021921 -0.1878901 0.0191340 1.2507290 -0.5210035 1.2333064 2.4099411 0.1082787
0.1160000 0.0158993 -0.2971700 -0.1899733 0.0234391 1.2584306 -0.5199154 0.9023664 1.4615518 0.4373397
0.1200000 0.0160004 -0.2921247 -0.1920495 0.0263530 1.2624214 -0.5175048 0.5468670 0.5587843 0.7673850
0.1240000 0.0161102 -0.2870706 -0.1941133 0.0278140 1.2629009 -0.5137763 0.1857374 -0.2910850 1.0943089
0.1280000 0.0162229 -0.2820215 -0.1961597 0.0278389 1.2600927 -0.5087503 -0.1615875 -1.0833369 1.4147346
0.1320000 0.0163329 -0.2769899 -0.1981833 0.0265213 1.2542342 -0.5024585 -0.4767233 -1.8154852 1.7262229
0.1360000 0.0164350 -0.2719876 -0.2001793 0.0240251 1.2455688 -0.4949405 -0.7437776 -2.4867785 2.0273756
0.1400000 0.0165251 -0.2670253 -0.2021429 0.0205711 1.2343400 -0.4862395 -0.9505831 -3.0976452 2.3177162
0.1440000 0.0165996 -0.2621129 -0.2040693 0.0164204 1.2207876 -0.4763988 -1.0896282 -3.6492477 2.5973082
0.1480000 0.0166564 -0.2572590 -0.2059541 0.0118541 1.2051460 -0.4654610 -1.1585506 -4.1433160 2.8662051
0.1520000 0.0166944 -0.2524717 -0.2077930 0.0071520 1.1876411 -0.4534691 -1.1600644 -4.5822893 3.1239374
0.1560000 0.0167136 -0.2477579 -0.2095818 0.0025735 1.1684877 -0.4404695 -1.1012731 -4.9696374 3.3692712
0.1600000 0.0167150 -0.2431238 -0.2113167 -0.0016582 1.1478840 -0.4265150 -0.9924805 -5.3102118 3.6004171
0.1640000 0.0167004 -0.2385748 -0.2129939 -0.0053663 1.1260060 -0.4116662 -0.8457550 -5.6105296 3.8156941
0.1680000 0.0166721 -0.2341158 -0.2146100 -0.0084242 1.1029998 -0.3959894 -0.6735378 -5.8789294 4.0144180
0.1720000 0.0166330 -0.2297508 -0.2161618 -0.0107546 1.0789745 -0.3795508 -0.4875100 -6.1255011 4.1975946
0.1760000 0.0165861 -0.2254840 -0.2176464 -0.0123243 1.0539958 -0.3624087 -0.2978268 -6.3616553 4.3680110
0.1800000 0.0165344 -0.2213189 -0.2190611 -0.0131372 1.0280813 -0.3446067 -0.1127385 -6.5993041 4.5295946
0.1840000 0.0164810 -0.2172593 -0.2204033 -0.0132262 1.0012013 -0.3261719 0.0614346 -6.8498131 4.6862550
0.1880000 0.0164286 -0.2133093 -0.2216705 -0.0126457 0.9732828 -0.3071167 0.2200485 -7.1229411 4.8405848
0.1920000 0.0163798 -0.2094730 -0.2228602 -0.0114658 0.9442178 -0.2874472 0.3597378 -7.4258887 4.9927459
0.1960000 0.0163369 -0.2057555 -0.2239701 -0.0097678 0.9138757 -0.2671747 0.4780289 -7.7624787 5.1397453
0.2000000 0.0163017 -0.2021620 -0.2249976 -0.0076416 0.8821180 -0.2463293 0.5730763 -8.1324843 5.2752262
0.2040000 0.0162757 -0.1986986 -0.2259407 -0.0051832 0.8488158 -0.2249729 0.6435571 -8.5311943 5.3898467
0.2080000 0.0162602 -0.1953715 -0.2267974 -0.0024931 0.8138684 -0.2032105 0.6887268 -8.9493660 5.4722440
0.2120000 0.0162558 -0.1921876 -0.2275664 0.0003266 0.7772209 -0.1811950 0.7086108 -9.3736863 5.5104738
0.2160000 0.0162628 -0.1891537 -0.2282470 0.0031758 0.7388789 -0.1591267 0.7042643 -9.7877379 5.4936905
0.2200000 0.0162812 -0.1862766 -0.2288394 0.0059607 0.6989190 -0.1372454 0.6779761 -10.1733586 5.4137612
0.2240000 0.0163105 -0.1835624 -0.2293449 0.0085996 0.6574921 -0.1158166 0.6332749 -10.5121981 5.2664858
0.2280000 0.0163500 -0.1810167 -0.2297659 0.0110269 0.6148214 -0.0951136 0.5746756 -10.7872535 5.0521530
0.2320000 0.0163987 -0.1786438 -0.2301058 0.0131970 0.5711940 -0.0753994 0.5072068 -10.9841925 4.7753426
0.2360000 0.0164556 -0.1764471 -0.2303691 0.0150846 0.5269479 -0.0569108 0.4358435 -11.0923158 4.4441423
0.2400000 0.0165194 -0.1744282 -0.2305611 0.0166837 0.4824555 -0.0398462 0.3649671 -11.1050651 4.0690858
0.2440000 0.0165890 -0.1725875 -0.2306879 0.0180043 0.4381073 -0.0243581 0.2979548 -11.0200321 3.6620680
0.2480000 0.0166634 -0.1709234 -0.2307560 0.0190674 0.3942953 -0.0105497 0.2369779 -10.8384801 3.2353763
0.2520000 0.0167416 -0.1694331 -0.2307723 0.0199001 0.3513995 0.0015249 0.1830447 -10.5644956 2.8009234
0.2560000 0.0168226 -0.1681122 -0.2307438 0.0205317 0.3097793 0.0118577 0.1362450 -10.2040024 2.3697261
0.2600000 0.0169058 -0.1669549 -0.2306774 0.0209901 0.2697675 0.0204827 0.0960942 -9.7638866 1.9516099
0.2640000 0.0169905 -0.1659540 -0.2305799 0.0213005 0.2316682 0.0274706 0.0618686 -9.2514367 1.5550504
0.2680000 0.0170762 -0.1651015 -0.2304577 0.0214850 0.1957560 0.0329231 0.0328498 -8.6742162 1.1870710
0.2720000 0.0171624 -0.1643880 -0.2303166 0.0215633 0.1622745 0.0369671 0.0084286 -8.0403537 0.8531744
0.2760000 0.0172487 -0.1638033 -0.2301619 0.0215525 0.1314332 0.0397485 -0.0119128 -7.3590830 0.5573117
0.2800000 0.0173348 -0.1633365 -0.2299986 0.0214680 0.1034018 0.0414256 -0.0286654 -6.6412641 0.3018614
0.2840000 0.0174205 -0.1629761 -0.2298305 0.0213231 0.0783030 0.0421634 -0.0423423 -5.8996186 0.0875909
0.2880000 0.0175054 -0.1627101 -0.2296613 0.0211292 0.0562049 0.0421264 -0.0535050 -5.1485111 -0.0863664
0.2920000 0.0175895 -0.1625265 -0.2294935 0.0208951 0.0371150 0.0414725 -0.0627767 -4.4032770 -0.2224413
0.2960000 0.0176726 -0.1624132 -0.2293295 0.0206270 0.0209786 0.0403468 -0.0708512 -3.6792527 -0.3244238
0.3000000 0.0177545 -0.1623586 -0.2291707 0.0203283 0.0076809 0.0388771 -0.0784977 -2.9907500 -0.3971240
0.3040000 0.0178352 -0.1623517 -0.2290185 0.0199990 -0.0029474 0.0371698 -0.0865438 -2.3501741 -0.4459194
0.3080000 0.0179145 -0.1623822 -0.2288734 0.0196359 -0.0111205 0.0353097 -0.0958201 -1.7673865 -0.4762515
0.3120000 0.0179923 -0.1624407 -0.2287360 0.0192325 -0.0170865 0.0333598 -0.1070628 -1.2493484 -0.4931768
0.3160000 0.0180684 -0.1625189 -0.2286065 0.0187794 -0.0211152 0.0313643 -0.1207891 -0.8000549 -0.5010359
0.3200000 0.0181425 -0.1626096 -0.2284851 0.0182662 -0.0234869 0.0293515 -0.1371616 -0.4207332 -0.5032364
0.3240000 0.0182145 -0.1627068 -0.2283717 0.0176821 -0.0244811 0.0273384 -0.1558877 -0.1102024 -0.5021415
0.3280000 0.0182840 -0.1628055 -0.2282664 0.0170190 -0.0243685 0.0253344 -0.1762147 0.1347267 -0.4990811
0.3320000 0.0183507 -0.1629018 -0.2281690 0.0162724 -0.0234033 0.0233458 -0.1970513 0.3188796 -0.4944953
0.3360000 0.0184142 -0.1629927 -0.2280796 0.0154426 -0.0218175 0.0213784 -0.2171761 0.4483641 -0.4881755
0.3400000 0.0184742 -0.1630763 -0.2279980 0.0145350 -0.0198164 0.0194403 -0.2354393 0.5301833 -0.4795456
0.3440000 0.0185304 -0.1631512 -0.2279241 0.0135591 -0.0175760 0.0175421 -0.2508937 0.5718039 -0.4679382
0.3480000 0.0185827 -0.1632169 -0.2278577 0.0125279 -0.0152420 0.0156968 -0.2628518 0.5807201 -0.4528481
0.3520000 0.0186307 -0.1632732 -0.2277985 0.0114563 -0.0129302 0.0139193 -0.2708955 0.5640821 -0.4341296
0.3560000 0.0186743 -0.1633203 -0.2277463 0.0103607 -0.0107293 0.0122238 -0.2748560 0.5284478 -0.4120723
0.3600000 0.0187136 -0.1633590 -0.2277007 0.0092575 -0.0087027 0.0106227 -0.2747743 0.4796701 -0.3873161
0.3640000 0.0187484 -0.1633900 -0.2276613 0.0081625 -0.0068919 0.0091253 -0.2708432 0.4228700 -0.3606488
0.3680000 0.0187789 -0.1634141 -0.2276277 0.0070907 -0.0053197 0.0077375 -0.1339733 0.1965293 -0.1734687
0.3720000 0.0188051 -0.1634325 -0.2275994 0.0070907 -0.0053197 0.0077375 -0.1339733 0.1965293 -0.1734687
