0.0000000 0.0243634 -0.3745986 -0.1268156 -0.0004140 -0.0048678 0.0023175 0.0529315 -0.2002164 0.1100114
0.0040000 0.0243609 -0.3746145 -0.1268081 -0.0004140 -0.0048678 0.0023175 0.0529315 -0.2002164 0.1100114
0.0080000 0.0243601 -0.3746376 -0.1267970 0.0000094 -0.0064696 0.0031975 0.1114097 -0.3357495 0.2113103
0.0120000 0.0243610 -0.3746662 -0.1267825 0.0004773 -0.0075538 0.0040079 0.1207351 -0.1803891 0.1856056
0.0160000 0.0243639 -0.3746980 -0.1267650 0.0009753 -0.0079127 0.0046824 0.1256631 0.0293848 0.1415595
0.0200000 0.0243688 -0.3747296 -0.1267451 0.0014826 -0.0073188 0.0051404 0.1242980 0.2980002 0.0754401
0.0240000 0.0243758 -0.3747566 -0.1267239 0.0019697 -0.0055287 0.0052859 0.1143901 0.6289800 -0.0167661
0.0280000 0.0243846 -0.3747738 -0.1267028 0.0023977 -0.0022869 0.0050063 0.0933194 1.0247893 -0.1392621
0.0320000 0.0243949 -0.3747749 -0.1266838 0.0027163 0.0026696 0.0041718 0.0580941 1.4866091 -0.2963796
0.0360000 0.0244063 -0.3747524 -0.1266694 0.0028625 0.0096060 0.0026352 0.0054173 2.0140757 -0.4924680
0.0400000 0.0244178 -0.3746980 -0.1266627 0.0027596 0.0187822 0.0002321 -0.0681676 2.6050663 -0.7316636
0.0440000 0.0244284 -0.3746022 -0.1266676 0.0023171 0.0304465 -0.0032181 -0.1661016 3.2555872 -1.0176233
0.0480000 0.0244364 -0.3744544 -0.1266885 0.0014308 0.0448269 -0.0079089 -0.2916782 3.9597837 -1.3533659
0.0520000 0.0244398 -0.3742435 -0.1267308 -0.0000163 0.0621248 -0.0140450 -0.4479806 4.7100662 -1.7412075
0.0560000 0.0244362 -0.3739574 -0.1268008 -0.0021531 0.0825075 -0.0218386 -0.6378655 5.4973416 -2.1826518
0.0600000 0.0244226 -0.3735835 -0.1269055 -0.0051192 0.1061035 -0.0315062 -0.8639975 6.3113147 -2.6782391
0.0640000 0.0243953 -0.3731086 -0.1270529 -0.0090650 0.1329980 -0.0432645 -1.1289628 7.1408189 -3.2275036
0.0680000 0.0243501 -0.3725195 -0.1272517 -0.0141509 0.1632300 -0.0573262 -1.4354152 7.9741507 -3.8290407
0.0720000 0.0242821 -0.3718028 -0.1275115 -0.0205484 0.1967912 -0.0738968 -1.7861380 8.7994116 -4.4804970
0.0760000 0.0241857 -0.3709452 -0.1278428 -0.0284400 0.2336253 -0.0931702 -2.1839510 9.6048689 -5.1784276
0.0800000 0.0240546 -0.3699338 -0.1282569 -0.0380200 0.2736301 -0.1153242 -2.6314845 10.3793160 -5.9182160
0.0840000 0.0238815 -0.3687561 -0.1287654 -0.0494919 0.3166599 -0.1405159 -3.1308369 11.1123275 -6.6941846
0.0880000 0.0236586 -0.3674005 -0.1293810 -0.0630667 0.3625288 -0.1688777 -3.6830769 11.7942683 -7.4997005
0.0920000 0.0233770 -0.3658559 -0.1301164 -0.0789565 0.4110140 -0.2005135 -4.2875663 12.4160611 -8.3269848
0.0960000 0.0230270 -0.3641124 -0.1309851 -0.0973672 0.4618572 -0.2354936 -4.9411737 12.9689075 -9.1666097
0.1000000 0.0225981 -0.3621610 -0.1320004 -0.1184859 0.5147653 -0.2738464 -5.6375054 13.4441433 -10.0069128
0.1040000 0.0220791 -0.3599943 -0.1331759 -0.1424672 0.5694104 -0.3155489 -6.3662381 13.8332302 -10.8334700
0.1080000 0.0214583 -0.3576058 -0.1345248 -0.1694158 0.6254311 -0.3605142 -7.1125810 14.1278006 -11.6285471
0.1120000 0.0207238 -0.3549908 -0.1360600 -0.1993679 0.6824328 -0.4085773 -7.8569317 14.3197547 -12.3705211
0.1160000 0.0198634 -0.3521463 -0.1377934 -0.2322713 0.7399891 -0.4594783 -8.5748569 14.4014940 -13.0335233
0.1200000 0.0188656 -0.3490709 -0.1397358 -0.2679667 0.7976448 -0.5128455 -9.2374900 14.3663485 -13.5875693
0.1240000 0.0177196 -0.3457651 -0.1418962 -0.3061712 0.8549199 -0.5681789 -9.8123341 14.2091672 -13.9991973
0.1280000 0.0164162 -0.3422315 -0.1442812 -0.3464654 0.9113181 -0.6248390 -10.2644601 13.9270257 -14.2325640
0.1320000 0.0149479 -0.3384746 -0.1468949 -0.3882869 0.9663361 -0.6820394 -10.5581577 13.5200861 -14.2511241
0.1360000 0.0133099 -0.3345009 -0.1497375 -0.4309307 1.0194788 -0.7388480 -10.6590633 12.9926083 -14.0200456
0.1400000 0.0115005 -0.3303188 -0.1528057 -0.4735594 1.0702770 -0.7941998 -10.5366156 12.3538668 -13.5092000
0.1440000 0.0095214 -0.3259386 -0.1560911 -0.5152236 1.1183097 -0.8469216 -10.1665649 11.6184905 -12.6962598
0.1480000 0.0073787 -0.3213723 -0.1595810 -0.5548919 1.1632249 -0.8957699 -9.5333064 10.8058958 -11.5694540
0.1520000 0.0050823 -0.3166328 -0.1632573 -0.5914900 1.2047569 -0.9394773 -8.6319010 9.9389507 -10.1297660
0.1560000 0.0026468 -0.3117342 -0.1670969 -0.6239471 1.2427365 -0.9768080 -7.4696143 9.0422621 -8.3924684
0.1600000 0.0000907 -0.3066909 -0.1710718 -0.6512470 1.2770950 -1.0066170 -6.0666873 8.1403317 -6.3877924
0.1640000 -0.0025632 -0.3015175 -0.1751498 -0.6724806 1.3078592 -1.0279103 -4.4560608 7.2556225 -4.1604295
0.1680000 -0.0052891 -0.2962281 -0.1792950 -0.6868954 1.3351400 -1.0399004 -2.6819460 6.4065829 -1.7676546
0.1720000 -0.0080584 -0.2908364 -0.1834690 -0.6939362 1.3591119 -1.0420516 -0.7973377 5.6057342 0.7238981
0.1760000 -0.0108406 -0.2853552 -0.1876315 -0.6932741 1.3799858 -1.0341093 1.1392903 4.8579280 3.2424908
0.1800000 -0.0136046 -0.2797965 -0.1917419 -0.6848219 1.3979753 -1.0161116 3.0676858 4.1590386 5.7159126
0.1840000 -0.0163192 -0.2741714 -0.1957604 -0.6687327 1.4132581 -0.9883820 4.9292659 3.4956663 8.0755581
0.1880000 -0.0189544 -0.2684904 -0.1996489 -0.6453877 1.4259406 -0.9515072 6.6697307 2.8464347 10.2592160
0.1920000 -0.0214823 -0.2627638 -0.2033724 -0.6153748 1.4360296 -0.9063082 8.2407509 2.1848877 12.2125758
0.1960000 -0.0238774 -0.2570022 -0.2068994 -0.5794617 1.4434197 -0.8538066 9.6010875 1.4833158 13.8900775
0.2000000 -0.0261180 -0.2512165 -0.2102029 -0.5385661 1.4478961 -0.7951876 10.7174738 0.7167503 15.2556180
0.2040000 -0.0281860 -0.2454190 -0.2132609 -0.4937219 1.4491537 -0.7317616 11.5652915 -0.1332948 16.2831527
0.2080000 -0.0300677 -0.2396233 -0.2160570 -0.4460438 1.4468298 -0.6649224 12.1290249 -1.0756959 16.9571100
0.2120000 -0.0317543 -0.2338444 -0.2185803 -0.3966897 1.4405481 -0.5961047 12.4026504 -2.1079718 17.2727604
0.2160000 -0.0332413 -0.2280989 -0.2208258 -0.3468226 1.4299660 -0.5267403 12.3900770 -3.2168235 17.2366737
0.2200000 -0.0345289 -0.2224046 -0.2227942 -0.2975691 1.4148136 -0.4582113 12.1053934 -4.3810943 16.8670130
0.2240000 -0.0356218 -0.2167804 -0.2244915 -0.2499794 1.3949173 -0.3918042 11.5724477 -5.5760382 16.1931284
0.2280000 -0.0365287 -0.2112453 -0.2259286 -0.2049895 1.3702052 -0.3286663 10.8235084 -6.7771754 15.2540767
0.2320000 -0.0372617 -0.2058187 -0.2271208 -0.1633914 1.3406999 -0.2697716 9.8971488 -7.9625864 14.0961436
0.2360000 -0.0378358 -0.2005197 -0.2280868 -0.1258124 1.3065046 -0.2158972 8.8357548 -9.1135840 12.7698681
0.2400000 -0.0382682 -0.1953667 -0.2288480 -0.0927053 1.2677912 -0.1676126 7.6830905 -10.2143523 11.3271944
0.2440000 -0.0385775 -0.1903774 -0.2294277 -0.0643476 1.2247897 -0.1252796 6.4821890 -11.2511625 9.8190994
0.2480000 -0.0387830 -0.1855684 -0.2298502 -0.0408478 1.1777819 -0.0890598 5.2735897 -12.2115358 8.2936432
0.2520000 -0.0389043 -0.1809551 -0.2301402 -0.0221589 1.1270975 -0.0589305 4.0938814 -13.0835233 6.7943245
0.2560000 -0.0389603 -0.1765516 -0.2303217 -0.0080968 1.0731137 -0.0347053 2.9746405 -13.8552146 5.3588608
0.2600000 -0.0389690 -0.1723702 -0.2304178 0.0016382 1.0162557 -0.0160596 1.9418872 -14.5146871 4.0185726
0.2640000 -0.0389472 -0.1684215 -0.2304502 0.0074383 0.9569962 -0.0025567 1.0160169 -15.0506689 2.7982945
0.2680000 -0.0389095 -0.1647142 -0.2304383 0.0097663 0.8958504 0.0063268 0.2120132 -15.4538687 1.7165339
0.2720000 -0.0388690 -0.1612547 -0.2303995 0.0091344 0.8333652 0.0111756 -0.4602143 -15.7183805 0.7856836
0.2760000 -0.0388365 -0.1580473 -0.2303489 0.0060846 0.7701033 0.0126122 -0.9954315 -15.8424193 0.0122970
0.2800000 -0.0388204 -0.1550939 -0.2302986 0.0011710 0.7066259 0.0112740 -1.3926776 -15.8281267 -0.6024868
0.2840000 -0.0388271 -0.1523943 -0.2302587 -0.0050568 0.6434783 0.0077923 -1.6549608 -15.6807120 -1.0624096
0.2880000 -0.0388608 -0.1499461 -0.2302363 -0.0120687 0.5811802 0.0027747 -1.7890907 -15.4073220 -1.3755765
0.2920000 -0.0389236 -0.1477449 -0.2302365 -0.0193695 0.5202198 -0.0032123 -1.8055060 -15.0159528 -1.5539390
0.2960000 -0.0390158 -0.1457843 -0.2302620 -0.0265128 0.4610526 -0.0096568 -1.7178891 -14.5146949 -1.6126176
0.3000000 -0.0391358 -0.1440564 -0.2303137 -0.0331126 0.4041022 -0.0161132 -1.5424998 -13.9115770 -1.5690149
0.3040000 -0.0392807 -0.1425515 -0.2303909 -0.0388527 0.3497600 -0.0222089 -1.2973670 -13.2150186 -1.4418599
0.3080000 -0.0394466 -0.1412584 -0.2304914 -0.0434916 0.2983820 -0.0276481 -1.0015230 -12.4345184 -1.2503450
0.3120000 -0.0396286 -0.1401645 -0.2306121 -0.0468649 0.2502838 -0.0322117 -0.6743392 -11.5811090 -1.0133904
0.3160000 -0.0398215 -0.1392561 -0.2307491 -0.0488863 0.2057332 -0.0357552 -0.3348354 -10.6674247 -0.7489859
0.3200000 -0.0400197 -0.1385186 -0.2308981 -0.0495436 0.1649444 -0.0382036 -0.0008304 -9.7075637 -0.4736013
0.3240000 -0.0402178 -0.1379365 -0.2310547 -0.0488929 0.1280727 -0.0395440 0.3119900 -8.7169331 -0.2017370
0.3280000 -0.0404108 -0.1374940 -0.2312145 -0.0470477 0.0952089 -0.0398175 0.5908465 -7.7120634 0.0543454
0.3320000 -0.0405942 -0.1371749 -0.2313733 -0.0441661 0.0663762 -0.0391093 0.8263047 -6.7102430 0.2847820
0.3360000 -0.0407642 -0.1369630 -0.2315274 -0.0404373 0.0415270 -0.0375392 1.0123716 -5.7288731 0.4822101
0.3400000 -0.0409177 -0.1368426 -0.2316736 -0.0360672 0.0205452 -0.0352516 1.1463243 -4.7846054 0.6417895
0.3440000 -0.0410527 -0.1367986 -0.2318094 -0.0312667 0.0032502 -0.0324049 1.2283554 -3.8924508 0.7611075
0.3480000 -0.0411679 -0.1368166 -0.2319328 -0.0262403 -0.0105944 -0.0291627 1.2611296 -3.0650551 0.8400107
0.3520000 -0.0412626 -0.1368834 -0.2320427 -0.0211776 -0.0212703 -0.0256848 1.2493169 -2.3122361 0.8803864
0.3560000 -0.0413373 -0.1369868 -0.2321383 -0.0162458 -0.0290923 -0.0221196 1.1990656 -1.6407758 0.8858237
0.3600000 -0.0413926 -0.1371161 -0.2322196 -0.0115851 -0.0343965 -0.0185982 1.1173793 -1.0544329 0.8610915
0.3640000 -0.0414300 -0.1372620 -0.2322871 -0.0073068 -0.0375278 -0.0152309 1.0115005 -0.5541544 0.8115443
0.3680000 -0.0414511 -0.1374164 -0.2323415 -0.0034931 -0.0388297 -0.0121059 0.8884752 -0.1384293 0.7426659
0.3720000 -0.0414579 -0.1375726 -0.2323839 -0.0001990 -0.0386352 -0.0092896 0.7549366 0.1963001 0.6598438
0.3760000 -0.0414526 -0.1377254 -0.2324158 0.0025464 -0.0372593 -0.0068271 0.6169810 0.4552355 0.5682763
0.3800000 -0.0414375 -0.1378707 -0.2324385 0.0047369 -0.0349933 -0.0047434 0.4800171 0.6448403 0.4728575
0.3840000 -0.0414148 -0.1380054 -0.2324537 0.0063865 -0.0321006 -0.0030443 0.3486045 0.7724796 0.3780050
0.3880000 -0.0413864 -0.1381275 -0.2324629 0.0075257 -0.0288135 -0.0017193 0.2263946 0.8460907 0.2875403
0.3920000 -0.0413545 -0.1382359 -0.2324675 0.0081977 -0.0253319 -0.0007439 0.1162264 0.8738873 0.2047114
0.3960000 -0.0413209 -0.1383302 -0.2324689 0.0084555 -0.0218224 -0.0000816 0.0202903 0.8640889 0.1322735
0.4000000 -0.0412869 -0.1384105 -0.2324681 0.0083600 -0.0184192 0.0003142 -0.0597924 0.8246743 0.0724372
0.4040000 -0.0412540 -0.1384775 -0.2324663 0.0079772 -0.0152250 0.0004979 -0.1230517 0.7631788 0.0266112
0.4080000 -0.0412231 -0.1385323 -0.2324642 0.0073756 -0.0123137 0.0005271 -0.1693418 0.6865587 -0.0049269
0.4120000 -0.0411950 -0.1385760 -0.2324621 0.0066225 -0.0097325 0.0004585 -0.0941417 0.3226488 -0.0085847
0.4160000 -0.0411701 -0.1386101 -0.2324605 0.0066225 -0.0097325 0.0004585 -0.0941417 0.3226488 -0.0085847
