0.0000000 0.0242218 -0.3772676 -0.1306929 -0.0057594 -0.0155306 0.0081917 0.4377527 0.2842209 -0.2066695
0.0040000 0.0241931 -0.3773317 -0.1306575 -0.0057594 -0.0155306 0.0081917 0.4377527 0.2842209 -0.2066695
0.0080000 0.0241757 -0.3773919 -0.1306273 -0.0022574 -0.0132569 0.0065383 1.0555497 0.9285051 -0.5049384
0.0120000 0.0241750 -0.3774377 -0.1306052 0.0026850 -0.0081026 0.0041522 1.4327518 1.7073957 -0.6916109
0.0160000 0.0241972 -0.3774567 -0.1305941 0.0092046 0.0004023 0.0010055 1.8400126 2.6014717 -0.8834781
0.0200000 0.0242487 -0.3774345 -0.1305972 0.0174051 0.0127092 -0.0029156 2.2677218 3.6044609 -1.0772243
0.0240000 0.0243364 -0.3773550 -0.1306174 0.0273464 0.0292380 -0.0076123 2.7038302 4.7068829 -1.2698552
0.0280000 0.0244675 -0.3772006 -0.1306581 0.0390357 0.0503642 -0.0130745 3.1341589 5.8960123 -1.4586258
0.0320000 0.0246487 -0.3769521 -0.1307220 0.0524197 0.0764061 -0.0192814 3.5428284 7.1559423 -1.6411561
0.0360000 0.0248868 -0.3765894 -0.1308123 0.0673784 0.1076118 -0.0262037 3.9127692 8.4678080 -1.8157891
0.0400000 0.0251877 -0.3760912 -0.1309317 0.0837218 0.1441485 -0.0338077 4.2263587 9.8102124 -1.9819888
0.0440000 0.0255566 -0.3754362 -0.1310828 0.1011892 0.1860935 -0.0420596 4.4662346 11.1598695 -2.1405616
0.0480000 0.0259973 -0.3746025 -0.1312681 0.1194517 0.2334275 -0.0509322 4.6162611 12.4924450 -2.2936931
0.0520000 0.0265122 -0.3735688 -0.1314902 0.1381193 0.2860330 -0.0604092 4.6625540 13.7835626 -2.4449743
0.0560000 0.0271022 -0.3723142 -0.1317514 0.1567521 0.3436960 -0.0704919 4.5944545 15.0098957 -2.5995318
0.0600000 0.0277662 -0.3708192 -0.1320542 0.1748749 0.4061122 -0.0812054 4.4053701 16.1501654 -2.7641351
0.0640000 0.0285012 -0.3690653 -0.1324011 0.1919951 0.4728973 -0.0926050 4.0933879 17.1857517 -2.9470445
0.0680000 0.0293022 -0.3670360 -0.1327950 0.2076221 0.5435982 -0.1047818 3.6615260 18.1006150 -3.1575034
0.0720000 0.0301622 -0.3647165 -0.1332393 0.2212873 0.6177022 -0.1178651 3.1175544 18.8804563 -3.4049366
0.0760000 0.0310725 -0.3620944 -0.1337379 0.2325625 0.6946419 -0.1320213 2.4735119 19.5114426 -3.6979320
0.0800000 0.0320227 -0.3591594 -0.1342955 0.2410754 0.7737938 -0.1474485 1.7451724 19.9790530 -4.0430758
0.0840000 0.0330011 -0.3559040 -0.1349175 0.2465239 0.8544743 -0.1643659 0.9515663 20.2674034 -4.4437795
0.0880000 0.0339949 -0.3523236 -0.1356104 0.2486879 0.9359330 -0.1829987 0.1144155 20.3590810 -4.8993372
0.0920000 0.0349906 -0.3484166 -0.1363815 0.2474392 1.0173469 -0.2035606 -0.7426661 20.2355532 -5.4044728
0.0960000 0.0359744 -0.3441848 -0.1372389 0.2427466 1.0978174 -0.2262345 -1.5951414 19.8783987 -5.9494569
0.1000000 0.0369326 -0.3396340 -0.1381914 0.2346781 1.1763741 -0.2511562 -2.4185536 19.2713404 -6.5205549
0.1040000 0.0378518 -0.3347738 -0.1392481 0.2233982 1.2519882 -0.2783990 -3.1895793 18.4024669 -7.1004357
0.1080000 0.0387197 -0.3296181 -0.1404186 0.2091614 1.3235939 -0.3079597 -3.8872109 17.2659178 -7.6684230
0.1120000 0.0395251 -0.3241851 -0.1417118 0.1923005 1.3901155 -0.3397464 -4.4939696 15.8628680 -8.2007711
0.1160000 0.0402581 -0.3184972 -0.1431365 0.1732097 1.4504968 -0.3735659 -4.9968723 14.2021914 -8.6711934
0.1200000 0.0409108 -0.3125811 -0.1447003 0.1523255 1.5037330 -0.4091159 -5.3879442 12.3011449 -9.0517772
0.1240000 0.0414767 -0.3064673 -0.1464095 0.1301061 1.5489060 -0.4459801 -5.6642724 10.1860756 -9.3143294
0.1280000 0.0419516 -0.3001899 -0.1482682 0.1070113 1.5852216 -0.4836305 -5.8277042 7.8928779 -9.4321077
0.1320000 0.0423328 -0.2937856 -0.1502785 0.0834845 1.6120490 -0.5214370 -5.8842736 5.4668036 -9.3817673
0.1360000 0.0426195 -0.2872935 -0.1524397 0.0599371 1.6289561 -0.5586847 -5.8433859 2.9613603 -9.1452954
0.1400000 0.0428123 -0.2807539 -0.1547480 0.0367374 1.6357399 -0.5945993 -5.7167688 0.4363823 -8.7117193
0.1440000 0.0429134 -0.2742076 -0.1571965 0.0142030 1.6324471 -0.6283784 -5.5172126 -2.0444016 -8.0783949
0.1480000 0.0429260 -0.2676943 -0.1597750 -0.0074003 1.6193847 -0.6592265 -5.2571664 -4.4160926 -7.2516762
0.1520000 0.0428542 -0.2612525 -0.1624703 -0.0278543 1.5971184 -0.6863918 -4.9473517 -6.6156570 -6.2468436
0.1560000 0.0427031 -0.2549174 -0.1652661 -0.0469791 1.5664594 -0.7092013 -4.5956460 -8.5853524 -5.0873204
0.1600000 0.0424784 -0.2487208 -0.1681439 -0.0646195 1.5284356 -0.7270904 -4.2064904 -10.2764842 -3.8032662
0.1640000 0.0421862 -0.2426899 -0.1710829 -0.0806310 1.4842475 -0.7396274 -3.7809702 -11.6532143 -2.4296199
0.1680000 0.0418333 -0.2368468 -0.1740609 -0.0948673 1.4352099 -0.7465274 -3.3175750 -12.6958199 -1.0037838
0.1720000 0.0414272 -0.2312082 -0.1770551 -0.1071716 1.3826810 -0.7476577 -2.8135392 -13.4024850 0.4366008
0.1760000 0.0409759 -0.2257854 -0.1800422 -0.1173756 1.3279900 -0.7430346 -2.2665280 -13.7889317 1.8553472
0.1800000 0.0404882 -0.2205843 -0.1829994 -0.1253039 1.2723695 -0.7328149 -1.6763168 -13.8860393 3.2188690
0.1840000 0.0399735 -0.2156064 -0.1859047 -0.1307861 1.2169017 -0.7172836 -1.0461187 -13.7362975 4.4970803
0.1880000 0.0394419 -0.2108491 -0.1887376 -0.1336728 1.1624791 -0.6968382 -0.3833996 -13.3899130 5.6641896
0.1920000 0.0389041 -0.2063066 -0.1914794 -0.1338533 1.1097824 -0.6719701 0.2998119 -12.9010047 6.6992735
0.1960000 0.0383711 -0.2019708 -0.1941134 -0.1312743 1.0592711 -0.6432440 0.9871063 -12.3241228 7.5866059
0.2000000 0.0378539 -0.1978324 -0.1966254 -0.1259565 1.0111894 -0.6112772 1.6583784 -11.7112932 8.3158898
0.2040000 0.0373635 -0.1938813 -0.1990036 -0.1180073 0.9655808 -0.5767169 2.2909376 -11.1096826 8.8824043
0.2080000 0.0369099 -0.1901078 -0.2012391 -0.1076290 0.9223119 -0.5402180 2.8608844 -10.5598215 9.2868826
0.2120000 0.0365024 -0.1865028 -0.2033254 -0.0951202 0.8811022 -0.5024219 3.3446890 -10.0942609 9.5350547
0.2160000 0.0361489 -0.1830590 -0.2052585 -0.0808715 0.8415578 -0.4639376 3.7209920 -9.7365994 9.6370126
0.2200000 0.0358555 -0.1797704 -0.2070369 -0.0653523 0.8032094 -0.4253258 3.9725068 -9.5008636 9.6064838
0.2240000 0.0356261 -0.1766333 -0.2086611 -0.0490914 0.7655509 -0.3870857 4.0877042 -9.3912287 9.4598682
0.2280000 0.0354627 -0.1736460 -0.2101335 -0.0326507 0.7280796 -0.3496468 4.0619998 -9.4020939 9.2149058
0.2320000 0.0353649 -0.1708086 -0.2114583 -0.0165954 0.6903342 -0.3133664 3.8983672 -9.5186304 8.8891375
0.2360000 0.0353300 -0.1681233 -0.2126405 -0.0014637 0.6519305 -0.2785337 3.6073971 -9.7179784 8.4985364
0.2400000 0.0353532 -0.1655932 -0.2136865 0.0122638 0.6125903 -0.2453782 3.2067678 -9.9711738 8.0566313
0.2440000 0.0354281 -0.1632226 -0.2146035 0.0241904 0.5721611 -0.2140807 2.7200770 -10.2456505 7.5742283
0.2480000 0.0355467 -0.1610159 -0.2153992 0.0340244 0.5306251 -0.1847843 2.1750703 -10.5079343 7.0596517
0.2520000 0.0357003 -0.1589776 -0.2160818 0.0415910 0.4880977 -0.1576035 1.6014297 -10.7260741 6.5193732
0.2560000 0.0358794 -0.1571111 -0.2166600 0.0468358 0.4448165 -0.1326293 1.0283954 -10.8715306 5.9589095
0.2600000 0.0360750 -0.1554190 -0.2171428 0.0498182 0.4011254 -0.1099322 0.4825544 -10.9205249 5.3838313
0.2640000 0.0362780 -0.1539021 -0.2175395 0.0506963 0.3574523 -0.0895587 -0.0139114 -10.8549819 4.8006466
0.2680000 0.0364805 -0.1525594 -0.2178593 0.0497069 0.3142856 -0.0715270 -0.4443559 -10.6631436 4.2172629
0.2720000 0.0366756 -0.1513878 -0.2181117 0.0471414 0.2721472 -0.0558206 -0.7981350 -10.3398678 3.6428499
0.2760000 0.0368577 -0.1503822 -0.2183058 0.0433218 0.2315666 -0.0423842 -1.0704352 -9.8866776 3.0872024
0.2800000 0.0370222 -0.1495353 -0.2184507 0.0385779 0.1930538 -0.0311230 -1.2615560 -9.3116077 2.5599069
0.2840000 0.0371663 -0.1488378 -0.2185548 0.0332293 0.1570737 -0.0219049 -1.3758374 -8.6287517 2.0695714
0.2880000 0.0372880 -0.1482787 -0.2186260 0.0275712 0.1240238 -0.0145664 -1.4204959 -7.8573434 1.6232278
0.2920000 0.0373868 -0.1478456 -0.2186714 0.0218654 0.0942150 -0.0089191 -1.4045930 -7.0203679 1.2259553
0.2960000 0.0374630 -0.1475250 -0.2186973 0.0163345 0.0678608 -0.0047588 -1.3382208 -6.1429100 0.8807736
0.3000000 0.0375175 -0.1473027 -0.2187094 0.0111596 0.0450717 -0.0018729 -1.2318547 -5.2505052 0.5887979
0.3040000 0.0375522 -0.1471644 -0.2187123 0.0064797 0.0258568 -0.0000484 -1.0958082 -4.3676774 0.3495232
0.3080000 0.0375694 -0.1470959 -0.2187098 0.0023931 0.0101303 0.0009232 -0.9398012 -3.5167501 0.1610769
0.3120000 0.0375714 -0.1470834 -0.2187049 -0.0010388 -0.0022772 0.0012402 -0.7726859 -2.7169617 0.0203944
0.3160000 0.0375610 -0.1471141 -0.2186999 -0.0037884 -0.0116054 0.0010864 -0.6023278 -1.9839047 -0.0766204
0.3200000 0.0375411 -0.1471762 -0.2186962 -0.0058574 -0.0181485 0.0006273 -0.4355905 -1.3293031 -0.1349207
0.3240000 0.0375142 -0.1472593 -0.2186949 -0.0072731 -0.0222398 0.0000070 -0.2783621 -0.7610876 -0.1601616
0.3280000 0.0374829 -0.1473541 -0.2186962 -0.0080843 -0.0242372 -0.0006540 -0.1355651 -0.2836634 -0.1585494
0.3320000 0.0374495 -0.1474532 -0.2187001 -0.0083576 -0.0245091 -0.0012614 -0.0341645 -0.0339949 -0.0759176
0.3360000 0.0374160 -0.1475502 -0.2187063 -0.0083576 -0.0245091 -0.0012614 -0.0341645 -0.0339949 -0.0759176
